tree
version=v3
num_class=1
num_tree_per_iteration=1
label_index=0
max_feature_idx=58
objective=regression
feature_names=a2 a3 a5 a6 a7 a8 a9 a10 a11 a12 a13 a14 a15 a16 a17 a18 a19 a20 a21 a22 a23 a24 a25 a26 a27 a28 a29 a30 a31 a32 a33 a34 a35 a36 a37 a38 a39 a40 a41 a42 a43 a44 a45 a46 a47 a48 a49 a50 a51 a52 a53 a54 a1_女 a1_男 a4_A a4_B a4_C a4_D a4_E
feature_infos=[1:72] [0:35] [0:1] [0:1] [0:285796] [0:12] [0:1] [0:1] [0:1] none [0:1] [0:1] [0:1] [0:1] [0:1] [0:1] [0:4222800] [201612:202211] [202304:205211] [0:34] [0:349238.58559999999] [0:1] [0:97900] [0:1.8214999999999999] [0:1.9974000000000001] [0:3876455.773] [0:4081696.622] [0:491] [0:298] [0:3409426.8500000001] [0:2611739.1299999999] [0:455] [0:275] none none [0:233] none [0:8] [0:233] [0:62] [0:16] [0:233] [0:77] [0:21] [0:318] [0:122] [0:8471853.4910000004] [0:8090221.301] [0:7688569.8159999996] [0:11056557.65] [0:10233551.5] [0:9917901.2799999993] [0:1] [0:1] none [0:1] [0:1] [0:1] [0:1]
tree_sizes=2706 2806 2831 2812 2819 2827 2806 2828 2806 2839 2803 2803 2803 2791 2814 2824 2827 2808 2836 2847 2829

Tree=0
num_leaves=31
num_cat=0
split_feature=21 1 5 48 26 44 16 0 30 5 25 48 25 49 30 58 50 26 30 48 24 22 0 25 0 0 5 50 50 48
split_gain=23.7513 18.3778 36.2391 19.9086 8.17371 5.35256 4.973 2.97652 2.81889 2.3554 2.23019 1.64437 1.58934 1.89394 1.94319 1.29783 1.18833 2.58034 1.12675 0.99176 0.942297 0.915417 1.08782 0.876235 0.794831 0.747863 0.680796 0.861386 0.639338 1.54806
threshold=1.0000000180025095e-35 1.5000000000000002 1.0000000180025095e-35 87.752550000000014 666.32050000000015 1.5000000000000002 317362.19770000008 40.000000000000007 4516.2075000000013 1.5000000000000002 73664.067150000003 6320.8023000000003 196.89100000000005 110.00625000000001 7630.9852500000006 1.0000000180025095e-35 148.53252450000005 1.0000000180025095e-35 8289.9075000000012 8.8174500000000027 0.0057500000000000008 5785.0000000000009 2.5000000000000004 2069.4471600000006 7.5000000000000009 3.5000000000000004 1.0000000180025095e-35 8.3031520000000025 1896.6671525000002 17649.372450000003
decision_type=2 2 2 2 2 2 2 2 2 2 2 2 2 2 2 2 2 2 2 2 2 2 2 2 2 2 2 2 2 2
left_child=1 2 3 -1 15 9 7 12 -4 -2 16 -10 -6 -14 23 24 17 21 -18 -17 -7 22 -11 -15 26 -21 -3 -28 -16 -30
right_child=5 4 8 -5 6 20 -8 -9 11 10 -12 -13 13 14 28 19 18 -19 -20 25 -22 -23 -24 -25 -26 -27 27 -29 29 -31
leaf_value=0.11897619070041747 0.14710118986222714 0.11928578821441055 0.12083665576125036 0.16689285593905617 0.12013898136343802 0.14564285657235554 0.15022618976909491 0.11945695991685866 0.14085119004849167 0.13564285687037875 0.14553868990879329 0.12332401665779867 0.14305026405702823 0.1324897038111969 0.12790476186289673 0.12128388293933519 0.12629326365308341 0.15079437157034359 0.1350139260715123 0.13436080562653557 0.15945237997032347 0.13564285687037875 0.12070032858006864 0.1237380953204064 0.11917099588941701 0.12314285724290779 0.12468395308739051 0.1210429632938308 0.14564285657235554 0.13122108829467474
leaf_weight=28 32 323 215 96 43 30 24 104 32 21 32 23 27 37 28 65 123 22 53 39 21 78 29 126 770 24 219 629 30 49
leaf_count=28 32 323 215 96 43 30 24 104 32 21 32 23 27 37 28 65 123 22 53 39 21 78 29 126 770 24 219 629 30 49
internal_value=0.125238 0.12365 0.133697 0.156073 0.12209 0.136096 0.128057 0.126859 0.123421 0.134104 0.132943 0.133522 0.129123 0.130424 0.129161 0.12074 0.131706 0.134976 0.128919 0.125617 0.151329 0.132257 0.126976 0.125725 0.120419 0.130087 0.121239 0.121983 0.134397 0.136698
internal_weight=0 2931 394 124 2537 441 468 444 270 390 358 55 340 297 270 2069 326 150 176 128 51 128 50 163 1941 63 1171 848 107 79
internal_count=3372 2931 394 124 2537 441 468 444 270 390 358 55 340 297 270 2069 326 150 176 128 51 128 50 163 1941 63 1171 848 107 79
is_linear=0
shrinkage=1


Tree=1
num_leaves=31
num_cat=0
split_feature=21 1 5 46 26 44 16 0 30 5 25 48 25 49 30 58 47 47 30 1 0 22 46 24 47 25 47 48 0 46
split_gain=21.4355 16.586 32.7058 17.9675 7.37677 4.83068 4.48813 2.68631 2.54404 2.12575 2.02959 1.48404 1.43438 1.70928 1.75373 1.1713 1.11017 2.27407 1.31552 1.19792 0.987024 1.21293 0.895064 0.850423 0.798692 0.790802 0.753051 1.44315 0.717335 0.705033
threshold=1.0000000180025095e-35 1.5000000000000002 1.0000000180025095e-35 115.85863925000002 666.32050000000015 1.5000000000000002 317362.19770000008 40.000000000000007 4516.2075000000013 1.5000000000000002 83155.760000000009 6320.8023000000003 196.89100000000005 110.00625000000001 7630.9852500000006 1.0000000180025095e-35 81.609262500000014 6.8535400000000015 8289.9075000000012 4.5000000000000009 2.5000000000000004 6675.0000000000009 9.7440000000000015 0.0057500000000000008 3062.0995305000001 2069.4471600000006 1209.3450645000003 17649.372450000003 7.5000000000000009 141.72639850000004
decision_type=2 2 2 2 2 2 2 2 2 2 2 2 2 2 2 2 2 2 2 2 2 2 2 2 2 2 2 2 2 2
left_child=1 2 3 -1 15 9 7 12 -4 -2 16 -10 -6 -14 25 28 17 20 -18 -19 -11 -22 -17 -7 -20 -15 -16 -28 -3 -24
right_child=5 4 8 -5 6 23 -8 -9 11 10 -12 -13 13 14 26 22 18 19 24 -21 21 -23 29 -25 -26 -27 27 -29 -30 -31
leaf_value=-0.0059488095343112951 0.020769941154867411 -0.0037989377024258233 -0.0041813675660726636 0.039572025276720525 -0.0048441583507282792 0.019384523183107377 0.023738690931349993 -0.0054920788496159592 0.014832440437749029 0.011767640177692686 0.020500843392478096 -0.001818374722548153 0.016921561018184383 0.0068890283639366562 0.0012970696848172408 -0.0037565017778139853 0.0010600412570273699 0.010431403634340867 0.018196679688990119 0.026399881796290478 -0.0061223087125811086 0.008217856734991074 0.010154288994769256 0.032503571538698109 0.0057346859532925818 -0.0014250000672680991 0.019335788092575967 0.0056838433049163049 -0.005763744489326106 -0.00043647459736376095
leaf_weight=28 32 1171 215 96 43 30 24 104 32 35 27 23 27 37 26 65 134 23 20 24 29 30 30 21 36 126 32 49 770 33
leaf_count=28 32 1171 215 96 43 30 24 104 32 35 27 23 27 37 26 65 134 23 20 24 29 30 30 21 36 126 32 49 770 33
internal_value=0 -0.00150835 0.00803596 0.0292931 -0.00299059 0.0103154 0.00267833 0.00153993 -0.00172659 0.00842299 0.00731935 0.00786937 0.0036909 0.00492661 0.00372712 -0.00427288 0.00624412 0.0096055 0.00374962 0.0185855 0.00511549 0.0011693 0.000359784 0.0247865 0.0101854 0.000462233 0.00870072 0.0110772 -0.00457838 0.00460675
internal_weight=0 2931 394 124 2537 441 468 444 270 390 358 55 340 297 270 2069 331 141 190 47 94 59 128 51 56 163 107 81 1941 63
internal_count=3372 2931 394 124 2537 441 468 444 270 390 358 55 340 297 270 2069 331 141 190 47 94 59 128 51 56 163 107 81 1941 63
is_linear=0
shrinkage=0.05


Tree=2
num_leaves=31
num_cat=0
split_feature=21 1 5 46 26 44 16 0 30 5 26 48 48 25 24 22 58 56 1 24 46 24 0 0 5 50 50 0 51 32
split_gain=19.3456 14.9688 29.517 16.2157 6.65754 4.35969 4.05054 2.42439 2.296 1.91849 1.85139 1.33935 1.30598 1.5095 1.15837 2.4736 1.05709 1.02101 1.10009 0.84837 0.807795 0.767507 0.673013 0.647395 0.633878 0.880508 0.633153 2.01644 0.878685 0.76792
threshold=1.0000000180025095e-35 1.5000000000000002 1.0000000180025095e-35 115.85863925000002 666.32050000000015 1.5000000000000002 317362.19770000008 40.000000000000007 4516.2075000000013 1.5000000000000002 151456.83750000002 6320.8023000000003 20.440650000000002 256874.34890000001 1.0000000180025095e-35 6675.0000000000009 1.0000000180025095e-35 1.0000000180025095e-35 14.500000000000002 0.2818500000000001 9.7440000000000015 0.0057500000000000008 3.5000000000000004 7.5000000000000009 1.5000000000000002 175.50329000000002 86.681255000000007 2.5000000000000004 0.72240000000000004 22.500000000000004
decision_type=2 2 2 2 2 2 2 2 2 2 2 2 2 2 2 2 2 2 2 2 2 2 2 2 2 2 2 2 2 2
left_child=1 2 3 -1 16 9 7 12 -4 -2 14 -10 -6 17 26 -16 23 18 -14 -17 -18 -7 -22 24 -3 -26 27 -11 -29 -28
right_child=5 4 8 -5 6 21 -8 -9 11 10 -12 -13 13 -15 15 19 20 -19 -20 -21 22 -23 -24 -25 25 -27 29 28 -30 -31
leaf_value=-0.005651368945837021 0.019731443794444206 -0.004795375538386327 -0.0039722993900609569 0.037593422333399462 0.012115280884198654 0.018415297667185467 0.022551756538450721 -0.0052174746596182773 0.014090818166732789 0.017467132047750057 0.021734939068555833 -0.0017274558382189794 -0.00074118052476218773 0.015663078092038634 -0.0044671574099497359 0.018706660748769841 -0.0035686766872039207 0.0095697360222830492 0.010741541502268418 0.0084702663549355104 0.0084304186778190807 0.030878393990652904 -0.0022113574668765068 -0.0054755575161475646 -0.00033354389198710413 -0.0041955346738298737 0.00040598248131573205 -0.0045183825439640453 0.0082465257782202497 0.0097388307529467141
leaf_weight=28 32 574 215 96 39 30 24 104 32 32 20 23 224 20 22 48 65 34 23 35 39 21 24 770 267 330 120 28 26 27
leaf_count=28 32 574 215 96 39 30 24 104 32 32 20 23 224 20 22 48 65 34 23 35 39 21 24 770 267 330 120 28 26 27
internal_value=0 -0.00143293 0.00763416 0.0278285 -0.00284106 0.00979959 0.00254441 0.00146293 -0.00164026 0.00800184 0.00695338 0.0074759 0.00350635 0.00239091 0.00607873 0.0104391 -0.00405924 0.00144627 0.000328061 0.0143901 0.000341795 0.0235472 0.00437641 -0.00434946 -0.00360899 -0.00246831 0.00411377 0.00752143 0.00162768 0.00212018
internal_weight=0 2931 394 124 2537 441 468 444 270 390 358 55 340 301 338 105 2069 281 247 83 128 51 63 1941 1171 597 233 86 54 147
internal_count=3372 2931 394 124 2537 441 468 444 270 390 358 55 340 301 338 105 2069 281 247 83 128 51 63 1941 1171 597 233 86 54 147
is_linear=0
shrinkage=0.05


Tree=3
num_leaves=31
num_cat=0
split_feature=21 0 46 5 7 25 44 58 5 51 30 5 26 29 24 22 30 5 30 25 29 43 24 30 24 48 5 53 51 48
split_gain=17.4594 6.88772 6.85617 46.8728 5.20141 4.21563 3.94993 2.71169 2.3765 2.34912 2.31431 1.70711 1.64821 1.47399 1.21983 2.32995 0.99157 0.95348 0.938214 1.15247 1.16331 0.840896 0.834091 0.692503 0.642747 0.602741 1.3099 1.10984 0.732947 0.762196
threshold=1.0000000180025095e-35 40.000000000000007 115.85863925000002 1.0000000180025095e-35 1.0000000180025095e-35 7249.6542800000016 3.0000000000000004 1.0000000180025095e-35 3.5000000000000004 2669.4360000000006 4516.2075000000013 1.5000000000000002 151456.83750000002 2554.9952500000004 1.0000000180025095e-35 6675.0000000000009 9446.6872500000009 1.0000000180025095e-35 185.59275000000002 196861.27485000002 9336.0277500000029 1.5000000000000002 0.2818500000000001 60864.945750000006 0.050300000000000004 87.752550000000014 4.5000000000000009 1.0000000180025095e-35 613.03200000000004 69873.053850000011
decision_type=2 2 2 2 2 2 2 2 2 2 2 2 2 2 2 2 2 2 2 2 2 2 2 2 2 2 2 2 2 2
left_child=1 2 10 -4 5 7 11 21 -9 13 17 -2 14 -6 25 -16 -8 -1 -7 20 -20 -5 24 -22 -17 26 -13 -28 -27 -30
right_child=6 -3 3 4 9 18 16 8 -10 -11 -12 12 -14 -15 15 22 -18 -19 19 -21 23 -23 -24 -25 -26 28 27 -29 29 -31
leaf_value=-0.0051126384033033483 0.018744871020317078 -0.0050857967274143892 0.036733254663487695 -0.0040160023691469286 0.010794538762420418 -0.0036156006529927255 0.016197599649429319 -0.0044311937916537989 0.016639606480021031 0.0022694106303876448 0.013694695276873455 0.0023698290700421617 0.020648191422224044 0.029760935334932237 -0.0042437994344667954 0.013373682995637258 0.030752165751023727 -0.0018916460187630324 0.012891391400051744 0.018734285412799746 -0.00149491250353015 0.0063896698132157332 0.0080467527891908384 0.0094630501454784771 0.024778936484030317 -0.0041929126932070812 0.0054442073404788981 0.022101304940879349 0.0071114386080718441 -0.0031123412056611138
leaf_weight=364 32 872 94 664 20 20 25 23 32 31 21 68 20 21 22 30 22 623 38 21 46 20 35 21 21 39 20 20 61 26
leaf_count=364 32 872 94 664 20 20 25 23 32 31 21 68 20 21 22 30 22 623 38 21 46 20 35 21 21 39 20 20 61 26
internal_value=0 -0.00136128 0.000216075 0.00304168 -0.000267629 -0.00131903 0.00930961 -0.00285289 0.00782818 0.0126559 -0.00273007 0.00767526 0.00669673 0.020509 0.00588086 0.0102763 0.0230104 -0.00307953 0.00644479 0.00804167 0.00590315 -0.00371174 0.0139908 0.00193967 0.01807 0.00385219 0.00659314 0.0137728 0.0015028 0.00405606
internal_weight=0 2931 2059 1051 957 885 441 739 55 72 1008 394 362 41 342 108 47 987 146 126 105 684 86 67 51 234 108 40 126 87
internal_count=3372 2931 2059 1051 957 885 441 739 55 72 1008 394 362 41 342 108 47 987 146 126 105 684 86 67 51 234 108 40 126 87
is_linear=0
shrinkage=0.05


Tree=4
num_leaves=31
num_cat=0
split_feature=21 1 5 46 26 44 16 25 20 5 25 25 56 49 58 30 1 5 22 30 22 50 26 47 49 24 46 1 46 5
split_gain=15.7571 12.1444 24.0612 13.2116 5.49455 3.56481 3.4548 2.00206 1.56234 1.54067 1.49621 1.06478 0.932788 0.977383 0.906304 0.894892 0.883637 1.79764 0.956825 1.03866 1.3403 0.831894 1.86225 0.764259 0.743112 0.714484 0.703091 0.668984 0.655014 0.646097
threshold=1.0000000180025095e-35 1.5000000000000002 1.0000000180025095e-35 115.85863925000002 666.32050000000015 3.0000000000000004 317362.19770000008 10590.491930000002 803.24670000000003 1.5000000000000002 83155.760000000009 196861.27485000002 1.0000000180025095e-35 62.143956500000009 1.0000000180025095e-35 9446.6872500000009 4.5000000000000009 6.5000000000000009 4450.4450000000006 2587.7880000000005 12905.000000000002 768.44831000000011 95.014250000000018 8095.1289670000006 62.143956500000009 0.0022500000000000007 9.7440000000000015 14.500000000000002 141.72639850000004 2.5000000000000004
decision_type=2 2 2 2 2 2 2 2 2 2 2 2 2 2 2 2 2 2 2 2 2 2 2 2 2 2 2 2 2 2
left_child=1 2 3 -1 14 9 8 24 11 -2 16 12 13 -6 -3 -7 21 18 -18 20 -20 22 25 -23 29 -11 -16 -15 -28 -4
right_child=5 4 7 -5 6 15 -8 -9 -10 10 -12 -13 -14 27 26 -17 17 -19 19 -21 -22 23 -24 -25 -26 -27 28 -29 -30 -31
leaf_value=-0.0051134084218314724 0.017807627050206064 -0.0039369685136814324 -0.0024799219586632473 0.033920649206265807 0.0077785737439990043 0.015387719273567199 0.020808496357252203 0.011416820781650367 0.012988240851296318 -0.0010792298820512048 0.017684662424855762 0.010801520136495431 0.0072920539344732589 -0.0022530100329874372 -0.00324141990679961 0.029214556853879581 0.0057292147700128892 -0.0018373591472973694 0.019553660765290262 0.024034780561923982 0.0042054401879960844 -0.0070169349963014778 0.019080639705061915 0.0053697803989052779 -0.0044655792955910004 0.0083237718790769577 0.009518027578790984 0.0069752399410520282 -0.00069014117347471638 0.0083019357640296224
leaf_weight=28 32 1941 33 96 30 25 24 27 27 58 27 24 39 303 65 22 58 37 25 20 33 33 20 20 186 31 30 21 33 24
leaf_count=28 32 1941 33 96 30 25 24 27 27 58 27 24 39 303 65 22 58 37 25 20 33 33 20 20 186 31 30 21 33 24
internal_value=0 -0.00129322 0.00687379 0.0251065 -0.00256157 0.00884413 0.00233096 -0.00149976 0.00133217 0.0072915 0.00636189 0.000577462 -4.69076e-05 -0.000855437 -0.00366824 0.0218599 0.00544931 0.00793427 0.0105927 0.0142092 0.0108211 0.00279562 0.00529408 -0.0023427 -0.00293493 0.00219597 0.000406827 -0.00165488 0.00417089 0.00205981
internal_weight=0 2931 394 124 2537 441 468 270 444 394 362 417 393 354 2069 47 335 173 136 78 58 162 109 53 243 89 128 324 63 57
internal_count=3372 2931 394 124 2537 441 468 270 444 394 362 417 393 354 2069 47 335 173 136 78 58 162 109 53 243 89 128 324 63 57
is_linear=0
shrinkage=0.05


Tree=5
num_leaves=31
num_cat=0
split_feature=21 1 5 46 30 0 16 30 29 49 41 47 49 47 1 30 48 5 32 28 48 51 1 31 52 52 51 22 5 1
split_gain=15.6664 10.2139 19.8152 11.4084 5.44462 2.63139 2.89228 2.54078 2.30509 2.18147 1.88713 1.28709 3.72253 1.37178 2.38671 1.23107 1.31466 1.16101 0.871007 1.6736 0.779506 0.770797 0.738606 0.661897 1.48168 0.592577 0.552434 1.13466 0.801003 0.451032
threshold=1.0000000180025095e-35 1.5000000000000002 1.0000000180025095e-35 115.85863925000002 1793.5155000000002 7.5000000000000009 113402.14650000002 100141.68150000002 7849.3250000000007 358.95270650000003 1.5000000000000002 1.0000000180025095e-35 1.3125000000000002 81.609262500000014 6.5000000000000009 2207.5357500000005 4885.8721500000011 2.5000000000000004 15.500000000000002 37.500000000000007 25.873800000000006 16.296000000000003 4.5000000000000009 7.5000000000000009 1.0000000180025095e-35 1.0000000180025095e-35 90781.292000000016 10235.000000000002 5.5000000000000009 6.5000000000000009
decision_type=2 2 2 2 2 2 2 2 2 2 2 2 2 2 2 2 2 2 2 2 2 2 2 2 2 2 2 2 2 2
left_child=1 2 3 -1 17 6 8 10 9 -6 11 25 -13 14 -14 -4 -17 -3 26 -20 21 -19 -10 24 -24 -2 27 -15 -29 -11
right_child=7 4 15 -5 5 -7 -8 -9 22 29 -12 12 13 18 -16 16 -18 20 19 -21 -22 -23 23 -25 -26 -27 -28 28 -30 -31
leaf_value=-0.0048577380233577327 0.0045982253025559821 -0.004238457493878231 -0.0035589682162588177 0.03159245293101539 0.013988185283683598 -0.0038958933388832774 0.021077048474991766 0.020931609662679526 0.015624892090757689 -0.0062572816530099291 0.018835291244527874 0.022518925506033398 0.005600971898630909 -0.00042865905445069077 0.025944150097313379 0.010213318132819275 -0.0043015714734792711 -0.00043007210574366826 0.017898766668858351 -5.4610639810562136e-05 -0.0028580159554363106 0.0081629385871271939 0.00044208667068569747 1.2970453611126654e-05 0.01584684931345888 -0.0050430018951495492 -0.0052008551855882018 0.0032788035986216174 0.016960576232522725 0.00029819187792864716
leaf_weight=28 34 1512 191 92 21 101 27 39 30 65 34 38 46 80 21 39 26 165 27 25 443 31 27 27 37 30 24 23 20 44
leaf_count=28 34 1512 191 92 21 101 27 39 30 65 34 38 46 80 21 39 26 165 27 25 443 31 27 27 37 30 24 23 20 44
internal_value=0 -0.00136691 0.00632235 0.0230874 -0.00250966 0.00301612 0.00552732 0.00874691 0.00385464 -0.000768084 0.00756481 0.00652351 0.00788027 0.00578904 0.0119772 -0.00153627 0.00440736 -0.00348329 0.00370559 0.00926734 -0.00169642 0.000929027 0.00882121 0.00657824 0.00934797 7.89001e-05 0.00173817 0.00309212 0.00964242 -0.00361104
internal_weight=0 2906 376 120 2530 379 278 441 251 130 402 368 304 266 67 256 65 2151 199 52 639 196 121 91 64 64 147 123 43 109
internal_count=3347 2906 376 120 2530 379 278 441 251 130 402 368 304 266 67 256 65 2151 199 52 639 196 121 91 64 64 147 123 43 109
is_linear=0
shrinkage=0.05


Tree=6
num_leaves=31
num_cat=0
split_feature=21 1 5 46 30 4 57 41 0 49 29 25 48 47 49 23 47 30 51 5 30 30 25 48 51 29 51 27 30 51
split_gain=14.1389 9.21806 17.8832 10.2961 4.91377 3.16798 2.409 2.05893 1.86231 1.50507 2.2825 1.41234 1.55235 3.9233 3.0192 1.62208 1.1758 1.11104 1.2071 1.04781 0.745418 2.05784 0.736619 0.703504 0.695645 0.645524 0.588337 0.752319 0.447193 0.465323
threshold=1.0000000180025095e-35 1.5000000000000002 1.0000000180025095e-35 115.85863925000002 1793.5155000000002 15084.420260000001 1.0000000180025095e-35 1.0000000180025095e-35 7.5000000000000009 260.46875000000006 7849.3250000000007 79498.620150000017 87.856950000000012 20.685381000000003 31.287500000000005 0.016400000000000005 106.51560800000001 2207.5357500000005 716.27920000000006 2.5000000000000004 53092.236750000004 23124.244500000004 8144.4526800000012 25.873800000000006 16.296000000000003 310226.21375000005 613.03200000000004 3.5000000000000004 2624.6902500000006 14350.576800000001
decision_type=2 2 2 2 2 2 2 2 2 2 2 2 2 2 2 2 2 2 2 2 2 2 2 2 2 2 2 2 2 2
left_child=1 2 3 -1 19 7 8 11 9 -6 -11 12 13 15 -15 -2 -16 -4 -19 -3 21 22 -12 24 -21 -22 -14 28 29 -28
right_child=5 4 17 -5 6 -7 -8 -9 -10 10 20 -13 26 14 16 -17 -18 18 -20 23 25 -23 -24 -25 -26 -27 27 -29 -30 -31
leaf_value=-0.0046148510250662057 -0.00063795901157639252 -0.0040265345990303019 -0.0033810197546375988 0.030012831415819088 0.016553098369728438 0.027261645772627425 0.017865632668137552 0.018795484594172903 -0.0040554280677924355 -0.0019802116828054944 -0.00085097000313301896 0.01634711369406432 -0.0031686054418484373 0.03374786398240498 0.019524585862051358 0.011612000622046301 0.0038188092267284028 0.014407587405294181 -0.00035549192792839476 -0.00040856867351315242 -0.0022275117584145986 0.023805271884934469 0.01167094360875047 -0.0027151151364732274 0.0077547914679012 0.009720717165619135 0.008133397429533628 -0.0023323817902968988 0.011060620543937531 -0.0021609769513209662
leaf_weight=28 88 1512 191 92 22 21 25 36 98 119 24 32 45 21 22 39 26 20 45 165 26 22 23 443 31 20 23 36 31 21
leaf_count=28 88 1512 191 92 22 21 25 36 98 119 24 32 45 21 22 39 26 20 45 165 26 22 23 443 31 20 23 36 31 21
internal_value=0 -0.00129857 0.00600624 0.021933 -0.00238418 0.00830956 0.00286532 0.00736196 0.00180597 0.00404979 0.00287427 0.00629006 0.00537579 0.00833808 0.0179353 0.00312384 0.0110173 -0.00145945 0.00418699 -0.00330913 0.0078976 0.0111844 0.00527677 -0.0016116 0.000882575 0.00296737 0.00165394 0.00360902 0.00646089 0.00322017
internal_weight=0 2906 376 120 2530 441 379 420 354 256 234 384 352 196 69 127 48 256 65 2151 115 69 47 639 196 46 156 111 75 44
internal_count=3347 2906 376 120 2530 441 379 420 354 256 234 384 352 196 69 127 48 256 65 2151 115 69 47 639 196 46 156 111 75 44
is_linear=0
shrinkage=0.05


Tree=7
num_leaves=31
num_cat=0
split_feature=21 1 5 46 44 30 4 19 16 41 0 29 25 48 48 26 30 48 49 1 48 23 48 29 5 50 51 27 51 26
split_gain=12.7604 8.3193 16.1396 9.2922 4.45769 3.60525 2.8591 2.72854 1.87886 1.85818 1.33044 1.30989 1.27464 1.40099 2.82385 1.64201 1.00272 1.14611 0.840589 0.801218 2.10878 1.37699 0.796416 1.62144 0.753927 0.569813 0.530974 0.678968 0.483616 0.466259
threshold=1.0000000180025095e-35 1.5000000000000002 1.0000000180025095e-35 115.85863925000002 15.500000000000002 1793.5155000000002 15084.420260000001 1.0000000180025095e-35 113402.14650000002 1.0000000180025095e-35 4.5000000000000009 8725.6480000000029 79498.620150000017 87.856950000000012 43.430400000000006 417.94300000000004 2207.5357500000005 4885.8721500000011 501.69937500000009 5.5000000000000009 0.15225000000000002 0.011650000000000002 383.3698500000001 57296.783500000012 2.5000000000000004 35.094257000000006 613.03200000000004 3.5000000000000004 12.056800000000001 2411.0335000000005
decision_type=2 2 2 2 2 2 2 2 2 2 2 2 2 2 2 2 2 2 2 2 2 2 2 2 2 2 2 2 2 2
left_child=1 2 3 -1 5 24 9 8 10 12 11 18 13 14 15 19 -4 -18 -7 21 -21 -2 -13 -24 -3 28 -15 -28 -26 -27
right_child=6 4 16 -5 -6 7 -8 -9 -10 -11 -12 22 -14 26 -16 -17 17 -19 -20 20 -22 -23 23 -25 25 29 27 -29 -30 -31
leaf_value=-0.004384108406624624 -0.0039271662508447965 -0.003857179069706541 -0.0032119688309768107 0.028512189148560813 0.019181192635248104 0.0065363078117370611 0.025898563542536331 0.019637355297094303 0.012220203745014528 0.017855710287888845 -0.0042483210686809761 -0.0009513089514296988 0.015529757901094855 -0.0030101750708288618 0.021507745329290631 0.01798081821338697 0.0093986673137316339 -0.0041538900050979389 -0.0040504059195518496 -0.00072509602739893159 0.01954820253278898 0.0091924276699622467 0.017814408626873047 0.0017695639642976947 -0.00031646230602509355 -0.003417334001925257 0.0061378468324740729 -0.0022157627985709243 0.0077986137143203202 0.00077582594007253648
leaf_weight=28 60 1510 191 92 24 25 21 21 34 36 121 23 32 45 32 22 39 26 75 29 23 30 32 31 146 387 75 36 21 80
leaf_count=28 60 1510 191 92 24 25 21 21 34 36 121 23 32 45 32 22 39 26 75 29 23 30 32 31 146 387 75 36 21 80
internal_value=0 -0.00123364 0.00570592 0.0208364 -0.00226497 -0.00247036 0.00789408 0.002145 0.00106776 0.00699386 -0.000167369 0.00248744 0.00597556 0.005107 0.00792117 0.00527013 -0.00138648 0.00397764 -0.00140373 0.00330087 0.00824194 0.000446032 0.00701206 0.00991933 -0.00324963 -0.00180264 0.00157124 0.00342857 0.000703996 -0.00269902
internal_weight=0 2906 376 120 2530 2506 441 362 341 420 307 186 384 352 196 164 256 65 100 142 52 90 86 63 2144 634 156 111 167 467
internal_count=3347 2906 376 120 2530 2506 441 362 341 420 307 186 384 352 196 164 256 65 100 142 52 90 86 63 2144 634 156 111 167 467
is_linear=0
shrinkage=0.05


Tree=8
num_leaves=31
num_cat=0
split_feature=21 1 5 46 16 30 4 0 44 25 47 49 48 30 5 47 47 26 49 30 30 51 50 49 51 32 30 46 53 0
split_gain=11.5162 7.50817 14.566 8.38621 4.0967 3.38063 2.58034 1.84304 1.69046 1.52975 1.13476 3.3813 1.03876 1.69571 0.993841 0.971817 2.12388 0.966315 0.945623 1.58579 0.904951 1.05172 0.512179 0.809877 1.0626 0.668302 0.472864 0.406243 0.392499 0.367526
threshold=1.0000000180025095e-35 1.5000000000000002 1.0000000180025095e-35 115.85863925000002 317362.19770000008 5160.4350000000004 15084.420260000001 5.5000000000000009 9.5000000000000018 79498.620150000017 1.0000000180025095e-35 1.3125000000000002 38372.850750000005 23124.244500000004 2.5000000000000004 81.609262500000014 20.685381000000003 6336.8230000000012 240.34541900000002 1019.0565 2207.5357500000005 716.27920000000006 202.16422000000003 979.04604400000005 2454.3960000000006 16.500000000000004 53092.236750000004 25974.422400000007 1.0000000180025095e-35 2.5000000000000004
decision_type=2 2 2 2 2 2 2 2 2 2 2 2 2 2 2 2 2 2 2 2 2 2 2 2 2 2 2 2 2 2
left_child=1 2 3 -1 5 14 8 12 9 10 28 -12 13 17 -3 16 -13 -7 19 -16 -4 -22 -17 29 -25 27 -14 -26 -2 -24
right_child=6 4 20 -5 -6 7 -8 -9 -10 -11 11 15 26 -15 18 22 -18 -19 -20 -21 21 -23 23 24 25 -27 -28 -29 -30 -31
leaf_value=-0.0041649030122373788 -0.0051672423198338485 -0.0036569478991926498 -0.0030513704408213732 0.027086580155984214 0.01759328220326167 -0.00082499536149429557 0.024603635250102909 -0.0032504387685786127 0.018746316874468771 0.016290325135923923 0.020122242307192402 0.0027499965815381573 0.0072089873786483488 0.019389935715063925 -0.00032399359155880689 -0.0042090039843550092 0.021240879067530236 0.011369225732050837 -0.0029170521458780226 0.013328013941645622 0.01331891927868128 -0.00046130758192804123 0.0047381770797073845 -0.0064991835155524319 0.0057768969663551878 0.01052144654095173 -0.0022319399751722815 -0.0022532361663050123 0.0026117954184027279 0.014323661774396895
leaf_weight=28 31 1536 191 92 26 33 21 69 27 32 38 44 21 31 283 26 24 32 440 23 20 45 20 32 28 28 36 36 34 20
leaf_count=28 31 1536 191 92 26 33 21 69 27 32 38 44 21 31 283 26 24 32 440 23 20 45 20 32 28 28 36 36 34 20
internal_value=0 -0.00117196 0.00542063 0.0197946 -0.00215172 -0.00235674 0.00749938 0.0035335 0.00664417 0.00581272 0.00488396 0.00619761 0.00659292 0.00976748 -0.00292976 0.00414669 0.00927619 0.00517831 -0.00143251 0.000702138 -0.00131716 0.00377876 0.00231087 0.00334451 0.0013489 0.00407866 0.0012463 0.00125995 -0.00109821 0.00953092
internal_weight=0 2906 376 120 2530 2504 441 222 420 393 361 296 153 96 2282 258 68 65 746 306 256 65 190 164 124 92 57 64 65 40
internal_count=3347 2906 376 120 2530 2504 441 222 420 393 361 296 153 96 2282 258 68 65 746 306 256 65 190 164 124 92 57 64 65 40
is_linear=0
shrinkage=0.05


Tree=9
num_leaves=31
num_cat=0
split_feature=21 1 5 46 44 5 4 19 41 15 30 48 1 25 0 29 47 32 1 24 30 48 46 51 48 1 1 50 50 48
split_gain=10.3934 6.77612 13.1458 7.56856 3.8803 2.92755 2.32876 1.81987 1.56435 1.38971 1.08258 1.08193 2.60192 1.01056 0.86118 0.83672 0.832603 0.947446 1.00324 0.950691 0.816718 0.999187 0.629174 1.01409 0.466667 0.702131 0.465709 0.422189 0.634335 0.603081
threshold=1.0000000180025095e-35 1.5000000000000002 1.0000000180025095e-35 115.85863925000002 15.500000000000002 3.5000000000000004 15084.420260000001 1.0000000180025095e-35 1.0000000180025095e-35 1.0000000180025095e-35 100141.68150000002 87.856950000000012 1.5000000000000002 256874.34890000001 6.5000000000000009 21482.000000000004 1.0000000180025095e-35 2.5000000000000004 5.5000000000000009 1.0000000180025095e-35 2207.5357500000005 4885.8721500000011 2215.9009585000008 84209.008800000025 132815.03520000001 12.500000000000002 4.5000000000000009 26.851036500000003 889.63590000000011 1460.2080000000003
decision_type=2 2 2 2 2 2 2 2 2 2 2 2 2 2 2 2 2 2 2 2 2 2 2 2 2 2 2 2 2 2
left_child=1 2 3 -1 5 15 8 9 10 13 11 12 -2 14 24 -3 -14 18 19 -18 -4 -22 26 -24 25 27 -13 -7 -29 -30
right_child=6 4 20 -5 -6 7 -8 -9 -10 -11 -12 22 16 -15 -16 -17 17 -19 -20 -21 21 -23 23 -25 -26 -27 -28 28 29 -31
leaf_value=-0.0039566577944372388 0.020180072530638429 -0.003219469166573534 -0.0028988019100034427 0.025732252277109936 0.017964963226889574 0.0054060684851346876 0.023373453638383321 0.014038759384017725 0.016278087927235497 0.010698746937897899 0.015228832111908839 -0.0061405417216675619 -0.00016010832357204568 0.010741682462394238 -0.0043954155865614701 0.0054850691929459574 -0.00054791620181452838 -0.0025975061208009724 0.015874728601839808 0.013230547841106142 0.0086514610128524978 -0.0040026313840196689 0.007768831966677681 -0.0031325002782978117 -0.003047680509660174 0.0092398213291609733 0.0025108176283538345 -0.0045799008617966866 0.009448253540765672 0.00011954994665251838
leaf_weight=28 32 1970 191 92 24 39 21 26 36 31 26 35 59 20 118 28 31 20 36 21 39 26 64 32 68 27 28 59 21 99
leaf_count=28 32 1970 191 92 24 39 21 26 36 31 26 35 59 20 118 28 31 20 36 21 39 26 64 32 68 27 28 59 21 99
internal_value=0 -0.00111336 0.0051496 0.0188048 -0.00204414 -0.00223576 0.00712441 0.00115344 0.00631196 0.000458382 0.00537763 0.00466218 0.00711916 -0.000245502 -0.000755348 -0.00309748 0.00461647 0.00722589 0.00945848 0.00501646 -0.0012513 0.00358982 0.0015871 0.00413505 0.000616946 0.00163407 -0.00229549 0.00069207 -0.000335002 0.00175207
internal_weight=0 2906 376 120 2530 2506 441 508 420 482 384 358 199 451 431 1998 167 108 88 52 256 65 159 96 313 245 63 218 179 120
internal_count=3347 2906 376 120 2530 2506 441 508 420 482 384 358 199 451 431 1998 167 108 88 52 256 65 159 96 313 245 63 218 179 120
is_linear=0
shrinkage=0.05


Tree=10
num_leaves=31
num_cat=0
split_feature=21 0 25 16 44 49 48 30 44 47 26 30 48 47 49 47 50 49 32 51 22 52 58 46 29 31 50 49 30 30
split_gain=8.68011 4.79376 3.82136 2.71019 2.55787 2.27083 20.8703 2.50585 1.83696 2.24829 2.16075 1.3676 1.43752 2.66653 2.63062 2.55842 1.38305 1.3242 1.19482 1.13346 1.06018 1.21153 1.02657 0.982724 0.72083 0.794649 0.58712 0.376606 0.355502 0.39816
threshold=1.0000000180025095e-35 40.000000000000007 7029.6470000000008 113402.14650000002 1.0000000180025095e-35 9.2875000000000014 87.752550000000014 1.1865000000000003 4.5000000000000009 4632.3440120000005 76486.09600000002 52529.064000000006 168.43200000000004 12.241216500000002 13.537500000000001 81.609262500000014 202.16422000000003 1337.9639630000004 15.500000000000002 2262.1984000000007 4450.4450000000006 1.0000000180025095e-35 1.0000000180025095e-35 3.0987215000000004 25478.767500000005 7.5000000000000009 11635.139300000001 250.05625000000003 2207.5357500000005 1019.0565
decision_type=2 2 2 2 2 2 2 2 2 2 2 2 2 2 2 2 2 2 2 2 2 2 2 2 2 2 2 2 2 2
left_child=1 2 3 5 11 6 7 23 9 17 -11 12 13 20 -15 -16 -17 -4 -14 -6 -2 -22 24 -1 25 28 27 -24 29 -7
right_child=4 -3 8 -5 19 22 -8 -9 -10 10 -12 -13 18 14 15 16 -18 -19 -20 -21 21 -23 26 -25 -26 -27 -28 -29 -30 -31
leaf_value=-0.0024134155053395431 -0.0037117557258022071 -0.0039553618519400837 0.0054486338943243035 0.014977250325268712 0.021834598542065237 -0.0028358940210353625 0.02398967497131747 0.01486366041328596 0.021363985059516772 -0.0042515551012295939 0.010757105189718699 0.015495846768220266 -0.0026101971355577311 0.029322350025177003 0.023033340478485282 -0.0057434317618608481 0.010888188004493714 0.021151322062159406 0.0084185045776945175 0.0072908114819299616 0.012979249400086702 -0.0005755969268434188 0.0041739539615809921 0.0055770042193372081 0.0042671536405881252 0.0054780547860367552 0.010758142005652191 -0.0033096261450956607 -0.0054898975006604607 0.0018172997297072899
leaf_weight=626 49 869 25 29 37 744 92 23 21 65 38 30 96 20 22 25 25 29 33 21 32 34 40 41 39 29 20 29 118 49
leaf_count=626 49 869 25 29 37 744 92 23 21 65 38 30 96 20 22 25 25 29 33 21 32 34 40 41 39 29 20 29 118 49
internal_value=0 -0.000841651 0.000473767 -0.00018953 0.00681317 -0.00042728 0.00161991 -0.00136272 0.00747566 0.00561798 0.00128562 0.0052672 0.00435393 0.0069357 0.0132804 0.00882434 0.00257238 0.0138816 0.000211099 0.0165687 0.00185991 0.00599645 -0.00192626 -0.00192225 -0.00239365 -0.00267 0.00321508 0.00102868 -0.00292938 -0.00254837
internal_weight=0 2926 2057 1879 424 1850 782 690 178 157 103 366 336 207 92 72 50 54 129 58 115 66 1068 667 979 940 89 69 911 793
internal_count=3350 2926 2057 1879 424 1850 782 690 178 157 103 366 336 207 92 72 50 54 129 58 115 66 1068 667 979 940 89 69 911 793
is_linear=0
shrinkage=0.05


Tree=11
num_leaves=31
num_cat=0
split_feature=44 0 1 5 46 30 24 30 16 47 50 26 44 44 1 1 28 5 48 51 31 1 25 46 51 31 31 29 7 26
split_gain=7.44279 5.92127 5.31149 12.4406 5.82878 4.39186 2.85128 2.70629 1.56118 1.54384 1.96863 1.26159 1.19446 1.27649 1.17315 1.13819 1.03665 0.996869 1.81503 1.10849 0.97707 0.920887 0.955152 0.878898 1.55615 0.75336 0.656523 0.625509 0.726734 0.766141
threshold=4.5000000000000009 40.000000000000007 1.5000000000000002 1.0000000180025095e-35 115.85863925000002 6774.9990000000007 0.0081500000000000027 1815.9382500000004 113402.14650000002 3062.0995305000001 1843.2978725 2530.9520000000007 58.000000000000007 18.500000000000004 4.5000000000000009 4.5000000000000009 11.500000000000002 2.5000000000000004 26.782950000000003 31.108000000000004 7.5000000000000009 5.5000000000000009 26.9068 1.0000000180025095e-35 1.1760000000000004 2.5000000000000004 4.5000000000000009 1848.0500000000002 1.0000000180025095e-35 2411.0335000000005
decision_type=2 2 2 2 2 2 2 2 2 2 2 2 2 2 2 2 2 2 2 2 2 2 2 2 2 2 2 2 2 2
left_child=1 2 3 4 -1 6 8 -5 17 10 16 -9 13 -2 -8 -11 -7 -4 19 21 25 22 -19 -23 -25 -17 -13 28 29 -20
right_child=12 -3 5 7 -6 9 14 11 -10 15 -12 26 -14 -15 -16 20 -18 18 27 -21 -22 23 -24 24 -26 -27 -28 -29 -30 -31
leaf_value=-0.0036379147320985796 0.012184010609620955 -0.003797117393429673 -0.0024315350112275348 -0.0028181417905928001 0.02549836870203627 0.014397676018151371 0.0024419661345226424 0.00019926554881609404 0.010759879234764312 0.010799583410605407 0.022650557550890696 0.020769992601126434 0.0044737604325232301 0.026346432345990951 0.016456148889847099 -0.0014112314830223719 -0.0001061116744365011 -0.0018668385255815731 -0.0022259159851194229 0.014590936704050927 -0.0058650500037603914 -0.0018172472376715054 0.0095287876034324814 0.019393497347831728 0.0030604417622089389 0.0093865184485912335 0.0082531917670911007 -0.0045110766749296869 0.007150177870477949 0.0041482588276267052
leaf_weight=21 41 872 956 184 94 22 28 26 27 39 29 20 23 26 32 30 28 112 298 21 36 22 22 25 35 35 22 140 28 56
leaf_count=21 41 872 956 184 94 22 28 26 27 39 29 20 23 26 32 30 28 112 298 21 36 22 22 25 35 35 22 140 28 56
internal_value=0 -0.000270749 0.00101694 0.00655058 0.0201778 1.20646e-05 -0.000800496 0.000331797 -0.00116961 0.00669807 0.0122866 0.00885516 0.014305 0.0176799 0.0099162 0.00354452 0.00627555 -0.00135742 -4.52659e-06 0.00362418 0.000743063 0.00255797 4.08517e-06 0.00673138 0.00986588 0.00440294 0.0142136 -0.00165204 -0.000604229 -0.00121757
internal_weight=0 3260 2388 367 115 2021 1802 252 1742 219 79 68 90 67 60 140 50 1715 759 237 101 216 134 82 60 65 42 522 382 354
internal_count=3350 3260 2388 367 115 2021 1802 252 1742 219 79 68 90 67 60 140 50 1715 759 237 101 216 134 82 60 65 42 522 382 354
is_linear=0
shrinkage=0.05


Tree=12
num_leaves=31
num_cat=0
split_feature=21 1 5 47 44 25 44 5 25 4 0 4 47 47 48 22 52 51 25 47 50 47 22 26 22 29 16 47 29 50
split_gain=7.18934 4.22848 8.80428 5.28051 2.79546 2.15346 2.0311 1.88127 1.69 1.54321 1.38524 1.39719 1.32785 2.12949 2.20698 1.08722 1.03273 1.00608 1.23556 1.28062 1.2094 0.968978 0.95087 0.879141 0.612252 0.585059 0.515799 0.496473 0.480891 0.487287
threshold=1.0000000180025095e-35 1.5000000000000002 1.0000000180025095e-35 131.57768200000004 15.500000000000002 206286.20645000003 9.5000000000000018 2.5000000000000004 8347.9820000000018 11092.601800000002 11.500000000000002 14871.560060000002 1660.4534625000003 12.241216500000002 87.98745000000001 4450.4450000000006 1.0000000180025095e-35 6.708800000000001 6638.315090000001 4632.3440120000005 4.1573760000000011 516.94876800000009 10235.000000000002 76486.09600000002 2225.0000000000005 115.47725000000001 113402.14650000002 46477.807420000005 36162.882750000004 35.094257000000006
decision_type=2 2 2 2 2 2 2 2 2 2 2 2 2 2 2 2 2 2 2 2 2 2 2 2 2 2 2 2 2 2
left_child=1 2 3 -1 7 6 9 -3 -4 12 11 17 13 15 22 -2 -17 20 26 -20 -9 -16 25 27 -14 -15 28 -21 29 -19
right_child=5 4 8 -5 -6 -7 -8 10 -10 -11 -12 -13 24 14 21 16 -18 18 19 23 -22 -23 -24 -25 -26 -27 -28 -29 -30 -31
leaf_value=-0.0034374154276318025 -0.0048594343364238742 -0.0027610185486902005 -0.0022006434714618114 0.021908973885136983 0.015137218028306962 0.021431590481237932 0.018112137040187572 0.00091216930228730912 0.010586737712909437 0.017542095748441563 -0.0033816492822217313 0.013779523401033313 0.0052109217670347008 0.018055003845975512 -0.0012420225515961648 0.011198834894281445 -0.0011301423609256743 0.0030044081918102631 0.01310754258884117 -0.0083236413753845478 0.01152040520682931 0.011156851970232451 0.0251115427098491 0.0081298864136139567 -0.0034229423995915951 0.0061058555915951733 0.006358254531567748 0.0015652457003792128 0.0054344480391591791 -0.0023646677308549174
leaf_weight=27 50 1534 237 86 25 22 29 69 29 21 228 21 28 21 40 33 35 47 32 22 44 26 22 30 77 20 22 30 24 419
leaf_count=27 50 1534 237 86 25 22 29 69 29 21 228 21 28 21 40 33 35 47 32 22 44 26 22 30 77 20 22 30 24 419
internal_value=0 -0.000766938 0.00416049 0.0158528 -0.00150015 0.0061996 0.005366 -0.00166507 -0.00080653 0.00437502 3.65247e-05 0.00106198 0.00358948 0.00559173 0.010032 0.000737583 0.00485304 0.000700585 -8.32349e-05 0.00462434 0.00504281 0.00364238 0.0167258 0.00131383 -0.00112058 0.0122262 -0.00113141 -0.00261851 -0.00146768 -0.00182315
internal_weight=0 2926 379 113 2547 424 402 2522 266 373 988 760 352 247 129 118 68 739 626 114 113 66 63 82 105 41 512 52 490 466
internal_count=3350 2926 379 113 2547 424 402 2522 266 373 988 760 352 247 129 118 68 739 626 114 113 66 63 82 105 41 512 52 490 466
is_linear=0
shrinkage=0.05


Tree=13
num_leaves=31
num_cat=0
split_feature=21 1 5 46 44 30 30 51 26 28 48 47 49 47 0 49 27 22 32 4 22 25 1 0 0 47 50 46 50 26
split_gain=6.48838 3.81621 7.94586 4.76566 2.5229 1.99125 1.81402 1.79862 1.54908 1.51292 1.47883 3.04339 1.76087 1.72913 1.29302 1.78794 1.20027 1.1788 1.1748 0.890673 0.890139 0.883386 0.882214 0.940544 0.590429 0.57057 1.53479 1.59014 1.03622 0.531343
threshold=1.0000000180025095e-35 1.5000000000000002 1.0000000180025095e-35 115.85863925000002 15.500000000000002 8289.9075000000012 1019.0565 1100.5176000000004 2476.8970000000004 24.500000000000004 168.43200000000004 12.241216500000002 13.537500000000001 81.609262500000014 11.500000000000002 240.34541900000002 4.5000000000000009 4005.0000000000005 38.500000000000007 13815.432330000001 4450.4450000000006 86545.687830000024 3.5000000000000004 1.5000000000000002 40.000000000000007 4632.3440120000005 973.79873150000014 1154.4611185000001 3493.3354240000003 9490.067750000002
decision_type=2 2 2 2 2 2 2 2 2 2 2 2 2 2 2 2 2 2 2 2 2 2 2 2 2 2 2 2 2 2
left_child=1 2 3 -1 6 10 24 -7 -4 -10 11 22 -13 -14 15 -8 -9 -15 -18 21 -12 25 -2 -24 -3 26 -17 -28 -29 -27
right_child=5 4 8 -5 -6 7 14 16 9 -11 20 12 13 17 -16 19 18 -19 -20 -21 -22 -23 23 -25 -26 29 27 28 -30 -31
leaf_value=-0.0032655446893639036 0.0097157018664090541 -0.001584797521417854 -0.00282544853907187 0.020813525433457176 0.014380357265472413 0.019839387245121458 0.013566716121775763 0.01582293309595274 0.012129993927784456 -0.0045160777157261262 0.0047472268622368577 0.026103581823408606 0.020142773061990738 -0.0030479566090636785 -0.0036588010017056857 -0.0037240261478083472 -0.006034627913132958 0.01235591579714547 0.010534796863794327 0.011801766306161881 -0.0048197176127183824 0.0088237847411824812 0.0076300962787607439 -0.003964881083532555 -0.0033565406278716231 -0.0006662954516867374 0.018888200730794953 -0.0054806309159506454 0.010047165517296111 -0.0083089424545566247
leaf_weight=27 23 1381 206 86 25 42 35 23 39 21 40 20 25 27 98 56 23 23 20 20 62 31 23 73 713 94 21 22 21 30
leaf_count=27 23 1381 206 86 25 42 35 23 39 21 40 20 25 27 98 56 23 23 20 20 62 31 23 73 713 94 21 22 21 30
internal_value=0 -0.000728591 0.00395246 0.0150601 -0.00142514 0.00588962 -0.00158182 0.0117508 -0.000766204 0.00630387 0.00388644 0.00624789 0.0129214 0.00940614 0.00138427 0.00288191 0.00660344 0.00403782 0.00167208 0.00161422 -0.00106797 0.000873311 0.000920311 -0.00118692 -0.00218807 -0.00013679 0.00232103 0.00761045 0.00210271 -0.00251532
internal_weight=0 2926 379 113 2547 424 2522 108 266 60 316 214 95 75 428 330 66 50 43 295 102 275 119 96 2094 244 120 64 43 124
internal_count=3350 2926 379 113 2547 424 2522 108 266 60 316 214 95 75 428 330 66 50 43 295 102 275 119 96 2094 244 120 64 43 124
is_linear=0
shrinkage=0.05


Tree=14
num_leaves=31
num_cat=0
split_feature=21 1 5 46 44 24 43 5 4 25 0 4 44 51 25 25 47 47 28 56 24 48 47 50 51 0 51 16 29 50
split_gain=5.85576 3.44413 7.17114 4.30101 2.27692 1.88046 1.92336 1.59698 1.51092 1.40808 1.14709 1.14842 1.06022 0.909601 1.08181 1.06185 1.10809 0.766322 0.965772 0.750522 0.715361 0.667071 1.24563 3.09337 1.52186 0.656917 0.48681 0.435651 0.420329 0.431089
threshold=1.0000000180025095e-35 1.5000000000000002 1.0000000180025095e-35 115.85863925000002 15.500000000000002 0.0081500000000000027 1.5000000000000002 2.5000000000000004 5957.8636600000009 8347.9820000000018 11.500000000000002 14871.560060000002 1.5000000000000002 6.708800000000001 26.9068 6638.315090000001 4632.3440120000005 46477.807420000005 3.5000000000000004 1.0000000180025095e-35 0.16500000000000004 43109.770200000006 20.685381000000003 86.681255000000007 613.03200000000004 3.5000000000000004 117.41520000000001 113402.14650000002 36162.882750000004 35.094257000000006
decision_type=2 2 2 2 2 2 2 2 2 2 2 2 2 2 2 2 2 2 2 2 2 2 2 2 2 2 2 2 2 2
left_child=1 2 3 -1 7 6 8 -3 19 -4 11 13 20 14 -9 27 -17 -18 -19 21 -7 22 -2 -24 -25 -21 -22 28 29 -15
right_child=5 4 9 -5 -6 12 -8 10 -10 -11 -12 -13 -14 15 -16 16 17 18 -20 25 26 -23 23 24 -26 -27 -28 -29 -30 -31
leaf_value=-0.0031022674507564969 -0.0013509460259228945 -0.0025124770893947242 -0.0020004249559047354 0.019772849197304529 0.013661339610815049 0.015217237261434396 0.016368629673012981 0.001991450063445989 0.012831005514148744 0.009671757434462679 -0.0030454639198356556 0.012528129418691001 0.021610106825828552 0.0028528344440967479 0.013323204272559711 0.012180447182618083 -0.0053245002339626186 -0.0026339235870788498 0.010925481635434874 -0.0094318515488079624 0.0091416659645545181 -0.0042768512882532615 0.023842891204086218 -0.0042237694002687934 0.0095687151327729231 0.002113841829652136 -0.00016021955419670452 0.0058367632329463966 0.0050974012818187477 -0.0021971573373013864
leaf_weight=27 72 1534 237 86 25 30 27 85 31 29 228 21 20 47 28 32 29 24 29 28 39 31 22 40 40 22 22 22 24 419
leaf_count=27 72 1534 237 86 25 30 27 85 31 29 228 21 20 47 28 32 29 24 29 28 39 31 22 40 40 22 22 22 24 419
internal_value=0 -0.000692162 0.00375484 0.0143071 -0.00135389 0.00559513 0.0036122 -0.00150273 0.00240792 -0.000727894 6.50377e-05 0.000998188 0.0111867 0.000670544 0.00479932 -7.47455e-05 0.00428937 0.00120993 0.00478537 0.0011408 0.00889579 0.00248044 0.00368433 0.00723864 0.00267247 -0.00435175 0.00578689 -0.00104644 -0.00135549 -0.00168782
internal_weight=0 2926 379 113 2547 424 313 2522 286 266 988 760 111 739 113 626 114 82 53 255 91 205 174 102 80 50 61 512 490 466
internal_count=3350 2926 379 113 2547 424 313 2522 286 266 988 760 111 739 113 626 114 82 53 255 91 205 174 102 80 50 61 512 490 466
is_linear=0
shrinkage=0.05


Tree=15
num_leaves=31
num_cat=0
split_feature=30 1 5 46 4 25 49 5 23 53 25 51 0 31 5 50 50 0 46 5 26 32 49 47 5 30 31 24 32 1
split_gain=5.18985 3.63003 8.96404 4.10463 2.35239 2.18357 2.08648 1.91014 1.33003 1.07231 1.2904 1.80208 1.15742 1.10144 1.04583 1.02624 0.863719 0.708102 0.868332 0.836931 0.697626 0.716567 0.609672 0.59397 0.720526 0.500816 0.460183 0.447694 0.412144 0.503754
threshold=4921.8750000000009 1.5000000000000002 1.0000000180025095e-35 115.85863925000002 20631.799090000004 196861.27485000002 224.76250000000002 2.5000000000000004 0.017750000000000005 1.0000000180025095e-35 155.35731000000001 1067.6400000000001 9.5000000000000018 1.0000000180025095e-35 6.5000000000000009 526.18579000000011 160.20534350000003 1.5000000000000002 1425.1190400000003 5.5000000000000009 5316.7320000000009 12.500000000000002 27481.931250000005 50.919958000000001 4.5000000000000009 276969.2730000001 1.5000000000000002 0.0081500000000000027 10.500000000000002 3.5000000000000004
decision_type=2 2 2 2 2 2 2 2 2 2 2 2 2 2 2 2 2 2 2 2 2 2 2 2 2 2 2 2 2 2
left_child=1 2 3 -1 5 6 -2 -3 17 27 16 12 15 -13 -4 -12 23 18 -8 28 -20 -22 -21 24 -11 -7 -15 -9 -19 -30
right_child=4 7 14 -5 -6 25 8 9 -10 10 11 13 -14 26 -16 -17 -18 19 20 22 21 -23 -24 -25 -26 -27 -28 -29 29 -31
leaf_value=-0.0029496583442848463 0.017239908206587037 -0.0024851440916210891 -0.0025906444583898005 0.019350376784801483 0.020148580968379976 0.009835181598152434 0.011567649823324436 -0.0017110103015836918 0.013538064872441087 -0.00024104271806887727 0.009830708610447679 0.010865761126790729 0.00078318327665328992 -0.0064939152562257024 0.0085917064353175782 0.023888457342982294 -0.0026634080825667632 -0.0055522769637091065 -0.0041665419258854605 -0.0011430608447302471 0.011089913432414715 -0.00016567883712630119 0.010380322330941757 0.0084961809217929847 0.0097198585669199637 0.020890627391636371 0.0015286335100730261 0.0044906570786429996 0.006101303683085875 -0.0033610749846467607
leaf_weight=26 24 1563 230 100 25 21 29 475 23 134 37 21 20 33 23 20 152 71 33 22 26 31 24 33 21 20 39 31 22 39
leaf_count=26 24 1563 230 100 25 21 29 475 23 134 37 21 20 33 23 20 152 71 33 22 26 31 24 33 21 20 39 31 22 39
internal_value=0 -0.000716589 0.00385253 0.0147488 0.00528605 0.00432096 0.00302098 -0.00138805 0.00195456 0.000299706 0.00191769 0.00547451 0.0111321 0.000790306 -0.00157407 0.0147633 0.000139274 0.00105752 0.00404343 -0.000938677 0.00161895 0.00496845 0.00486914 0.00240527 0.0011085 0.0152281 -0.00214837 -0.00133107 -0.00296261 5.15862e-05
internal_weight=0 2958 379 126 410 385 344 2579 320 1016 510 170 77 93 253 57 340 297 119 178 90 57 46 188 155 41 72 506 132 61
internal_count=3368 2958 379 126 410 385 344 2579 320 1016 510 170 77 93 253 57 340 297 119 178 90 57 46 188 155 41 72 506 132 61
is_linear=0
shrinkage=0.05


Tree=16
num_leaves=31
num_cat=0
split_feature=22 26 1 5 46 16 48 30 4 1 50 48 0 47 29 30 24 28 27 58 52 29 5 58 27 47 27 26 0 47
split_gain=4.7674 3.74606 2.96243 7.6529 3.45825 2.27054 1.87094 2.0199 2.28705 1.20077 0.967632 1.13746 1.13932 0.998802 1.75897 0.831621 0.790013 0.740016 0.932538 0.815566 0.835949 1.39381 0.692192 0.71899 0.540837 0.539954 0.505245 0.489272 0.432466 0.590834
threshold=5785.0000000000009 2294.4875000000006 1.5000000000000002 1.0000000180025095e-35 115.85863925000002 241266.51090000002 1.5877500000000002 328998.26400000002 15814.306900000001 14.500000000000002 31378.970215000005 25.873800000000006 2.5000000000000004 133.65062150000003 13310.082750000003 46163.250000000007 0.0022500000000000007 71.500000000000014 16.500000000000004 1.0000000180025095e-35 1.0000000180025095e-35 39.289750000000005 4.5000000000000009 1.0000000180025095e-35 1.5000000000000002 971.76083300000016 2.5000000000000004 1300.8825000000004 4.5000000000000009 6949.1621415000009
decision_type=2 2 2 2 2 2 2 2 2 2 2 2 2 2 2 2 2 2 2 2 2 2 2 2 2 2 2 2 2 2
left_child=1 2 3 4 -1 6 -3 8 9 17 11 12 -2 -13 27 -12 -14 18 19 20 21 -8 -4 24 28 -23 -27 -15 29 -24
right_child=10 5 22 -5 -6 -7 7 -9 -10 -11 15 13 16 14 -16 -17 -18 -19 -20 -21 -22 25 23 -25 -26 26 -28 -29 -30 -31
leaf_value=-0.0028021754052203439 0.012012439221143723 0.017483551427721979 -0.0021200875471844229 -0.002538805790422087 0.017825167313698802 0.015408730577375438 0.010349491797387601 0.017365137524902822 0.015456231719312761 0.011770325384679295 -0.0045927494019269944 0.022134164720773699 -0.0045352064605270115 0.0091470813564956191 0.018265349724713494 0.0085698594152927403 0.0077317657924833756 -0.0065294759099682178 0.010771281570196153 0.0064770664529580817 -0.0041778219962549032 -0.0076957065826998312 0.010797038609566897 0.0084225559157544167 -0.0050334643527138526 -0.0033835421316325666 0.0048248652721176281 -0.001255049857382591 -0.0023938741322074618 0.00014540995160738628
leaf_weight=26 31 20 2150 211 93 37 33 20 26 21 30 20 35 20 34 20 21 45 20 38 132 26 23 29 41 38 37 26 35 30
leaf_count=26 31 20 2150 211 93 37 33 20 26 21 30 20 35 20 34 20 21 45 20 38 132 26 23 29 41 38 37 26 35 30
internal_value=0 -0.000504127 -0.00125178 0.00317938 0.0133184 0.00349651 0.00252995 0.00184401 0.0010978 0.00014057 0.00685085 0.00850287 0.00432207 0.0121402 0.00964165 0.000672294 6.49081e-05 -0.000521286 0.000313185 -0.000374848 -0.00135369 0.00142829 -0.00188535 0.0013088 -0.000290414 -0.00148656 0.000665939 0.00326762 0.00191942 0.00476781
internal_weight=0 3131 2638 330 119 493 456 436 416 390 237 187 87 100 80 50 56 369 324 304 266 134 2308 158 129 101 75 46 88 53
internal_count=3368 3131 2638 330 119 493 456 436 416 390 237 187 87 100 80 50 56 369 324 304 266 134 2308 158 129 101 75 46 88 53
is_linear=0
shrinkage=0.05


Tree=17
num_leaves=31
num_cat=0
split_feature=22 26 1 5 46 18 26 4 48 1 1 47 0 49 51 46 4 52 47 51 31 47 5 24 48 27 1 26 46 46
split_gain=4.30258 3.38081 2.6736 6.90675 3.12107 2.27915 1.74918 1.61499 1.56095 1.01456 0.960261 1.43941 1.1911 1.16865 0.918646 0.897096 0.848351 0.849052 1.24817 1.38435 1.57898 0.859035 0.624703 0.572604 0.861504 0.507182 0.885394 0.494169 0.425726 0.64035
threshold=5785.0000000000009 2294.4875000000006 1.5000000000000002 1.0000000180025095e-35 115.85863925000002 204307.00000000003 391634.82100000005 15814.306900000001 1.7269500000000002 14.500000000000002 3.5000000000000004 833.20638550000012 3.5000000000000004 21369.620215000003 50.792000000000009 2891.2832015000008 6230.2165100000011 1.0000000180025095e-35 1335.1681930000002 1811.5608000000002 1.0000000180025095e-35 1335.1681930000002 4.5000000000000009 0.050300000000000004 47.528100000000002 1.5000000000000002 7.5000000000000009 6843.8095000000012 16.972800000000003 64916.284800000009
decision_type=2 2 2 2 2 2 2 2 2 2 2 2 2 2 2 2 2 2 2 2 2 2 2 2 2 2 2 2 2 2
left_child=1 2 3 4 -1 6 7 8 -3 16 11 -2 13 15 -14 23 17 18 -10 -20 -21 -19 -4 24 -12 26 28 -22 -24 -30
right_child=10 5 22 -5 -6 -7 -8 -9 9 -11 12 -13 14 -15 -16 -17 -18 21 19 20 27 -23 25 -25 -26 -27 -28 -29 29 -31
leaf_value=-0.0026620666783016464 0.01935821551709406 0.014794426010921596 -0.0020140831743388674 -0.0024118654800676059 0.016933909395048696 0.019051814688877625 0.017056314274668694 0.013358920774069326 -0.003081864630803466 0.011181808937163581 0.011192847912510236 0.0024041744392542617 -0.0060124147579901747 4.5742001384496694e-05 0.00646394008398056 0.020048187524080278 -0.0056748438754986074 0.0065150841712378537 0.014903129038937164 0.015036227256059648 0.0051733635099870823 -0.003447219687550105 -0.0059369891881942754 0.014419454724892325 -0.0026743825525045398 -0.0032457089051604274 0.010563553124666215 -0.0042204928628745532 0.006040110496715421 -0.0044899931346828285
leaf_weight=26 31 20 2150 211 93 22 20 29 52 21 24 21 36 36 25 20 58 26 33 20 21 129 20 23 21 45 29 42 42 22
leaf_count=26 31 20 2150 211 93 22 20 29 52 21 24 21 36 36 25 20 58 26 33 20 21 129 20 23 21 45 29 42 42 22
internal_value=0 -0.00047892 -0.00118919 0.00302041 0.0126524 0.00332169 0.00258695 0.00194529 0.00116094 0.000482658 0.0065083 0.0125114 0.00482095 0.00763487 -0.000899155 0.0107395 -0.000107059 0.000892729 0.00335506 0.00624058 0.00279644 -0.00177612 -0.00179109 0.00800167 0.00472147 0.00124336 0.00303104 -0.00108921 0.000430536 0.00242039
internal_weight=0 3131 2638 330 119 493 471 451 422 402 237 52 185 124 61 88 381 323 168 116 83 155 2308 68 45 158 113 63 84 64
internal_count=3368 3131 2638 330 119 493 471 451 422 402 237 52 185 124 61 88 381 323 168 116 83 155 2308 68 45 158 113 63 84 64
is_linear=0
shrinkage=0.05


Tree=18
num_leaves=31
num_cat=0
split_feature=30 1 49 46 4 22 25 49 16 22 58 0 47 29 11 25 25 25 0 43 49 49 52 49 47 51 48 30 22 1
split_gain=3.97814 2.68402 5.87114 2.93453 1.82742 1.70183 1.67477 1.7431 1.15619 1.1519 0.930727 0.865612 0.951262 0.899801 0.73052 0.656585 0.565537 0.564452 0.564428 0.464035 0.463225 1.34158 0.626541 0.452992 1.29846 0.458526 0.562919 0.397705 0.338437 0.334197
threshold=4921.8750000000009 1.5000000000000002 1.0000000180025095e-35 115.85863925000002 20631.799090000004 5785.0000000000009 196861.27485000002 224.76250000000002 317362.19770000008 15575.000000000002 1.0000000180025095e-35 1.5000000000000002 2303.8211650000007 7982.7250000000013 1.0000000180025095e-35 155.35731000000001 3997.2604600000004 17676.982000000004 11.500000000000002 1.0000000180025095e-35 1734.4506250000002 41.13750000000001 1.0000000180025095e-35 54101.118125000008 12486.746715000003 449.99360000000007 2348.7433500000002 276969.2730000001 15575.000000000002 8.5000000000000018
decision_type=2 2 2 2 2 2 2 2 2 2 2 2 2 2 2 2 2 2 2 2 2 2 2 2 2 2 2 2 2 2
left_child=1 2 3 -1 6 8 7 -2 10 11 14 12 -9 -14 19 29 -13 -15 -5 -3 21 22 28 24 25 -18 -27 -8 -7 -12
right_child=4 5 -4 18 -6 20 27 9 -10 -11 15 16 13 17 -16 -17 23 -19 -20 -21 -22 -23 -24 -25 -26 26 -28 -29 -30 -31
leaf_value=-0.00028071601742080284 0.015634978298718731 -0.0020826108037673551 -0.0017632018619527419 0.017032634598118337 0.017727327689528467 0.011644242778420449 0.0085235689722356345 0.010917250514030457 0.010465622171759607 0.010224237654890334 -0.0010666183843499137 -0.0054372383861756718 0.0079283981450966427 -0.0092134620655666705 0.0049028213589619373 0.008019102955503123 0.004871723326769742 0.0019890273394791978 0.0079096592430557538 0.0043953408686710259 -0.00069074375288827089 0.016298431577160957 -0.0020471521135833528 -0.0056078120134770877 0.013027748075269519 -0.0090681736841797828 0.0016523330084358653 0.018375425413250924 0.0024459150061011316 0.0044595005645139798
leaf_weight=42 24 2180 228 88 25 20 21 35 20 35 105 61 28 22 39 35 22 23 21 28 35 24 36 24 21 25 24 20 20 37
leaf_count=42 24 2180 228 88 25 20 21 35 20 35 105 61 28 22 39 35 22 23 21 28 35 24 36 24 21 25 24 20 20 37
internal_value=0 -0.00062764 0.00330125 0.0109482 0.00462775 -0.00120501 0.00377713 0.00263864 -0.00150688 0.00166391 -0.00160567 0.000612644 0.00414028 0.000891049 -0.00188065 0.00188517 -0.00153981 -0.00348775 0.015275 -0.00200046 0.00425994 0.00599268 0.00273823 0.000509696 0.00210557 -0.00112494 -0.00381731 0.0133294 0.00704508 0.000373286
internal_weight=0 2958 379 151 410 2579 385 344 2444 320 2424 285 108 73 2247 177 177 45 109 2208 135 100 76 116 92 71 49 41 40 142
internal_count=3368 2958 379 151 410 2579 385 344 2444 320 2424 285 108 73 2247 177 177 45 109 2208 135 100 76 116 92 71 49 41 40 142
is_linear=0
shrinkage=0.05


Tree=19
num_leaves=31
num_cat=0
split_feature=0 30 1 49 46 4 22 23 20 25 50 16 11 43 46 49 1 31 58 24 51 49 0 25 29 25 29 26 50 47
split_gain=3.63146 3.53564 2.35652 5.53921 2.529 1.53058 1.45925 1.14073 1.04781 1.52662 1.12309 0.922507 0.659333 0.731938 0.590476 1.22582 0.713511 0.633224 0.580844 0.56911 1.21023 0.700056 0.638387 0.562535 0.510175 0.388981 0.489501 0.647162 0.421301 0.355047
threshold=40.000000000000007 4921.8750000000009 1.5000000000000002 1.0000000180025095e-35 115.85863925000002 20631.799090000004 5785.0000000000009 0.016400000000000005 2768.7973000000006 196861.27485000002 502.15111250000001 207603.59320000003 1.0000000180025095e-35 1.0000000180025095e-35 136963.77920000002 27481.931250000005 11.500000000000002 5.5000000000000009 1.0000000180025095e-35 0.0081500000000000027 10.427200000000001 2015.3416690000001 2.5000000000000004 196.30180000000004 95543.943500000008 2487.5925800000005 13722.932750000002 5116.6667500000012 4170.4117640000013 461216.46800000005
decision_type=2 2 2 2 2 2 2 2 2 2 2 2 2 2 2 2 2 2 2 2 2 2 2 2 2 2 2 2 2 2
left_child=1 2 3 4 -1 7 11 8 9 10 -3 12 13 18 15 16 25 -17 29 21 -21 22 -8 -20 -16 -12 27 -27 -28 -4
right_child=-2 5 6 -5 -6 -7 19 -9 -10 -11 14 -13 -14 -15 24 17 -18 -19 23 20 -22 -23 -24 -25 -26 26 28 -29 -30 -31
leaf_value=0.00012101927358243201 -0.002768356343635051 0.012591373111153471 -0.0017147315424432012 -0.0013972856741094469 0.015459578958744148 0.017814367699126404 0.011419054865837098 0.013131589773628447 -0.006794314831495285 0.016323152154684068 0.0049605024233460434 0.0095187641325451076 0.0054829597277076623 0.0068336272878306258 -0.0081792308746472652 0.0049390151209774474 0.0097593589685857299 0.017370301745831967 0.0002055733785803976 -0.00033195041120052341 0.015895692617804918 -0.0046980933787731027 0.00076828676768962083 0.0082186953061156812 0.0023520411356635715 -0.0044099745679308071 -0.01099921131417865 0.0078613055781239557 -0.00085931591689586645 0.0049937229230999948
leaf_weight=36 871 29 1426 196 106 24 24 36 22 25 25 21 38 28 23 21 20 20 116 20 27 26 34 27 23 22 21 21 20 20
leaf_count=36 871 29 1426 196 106 24 24 36 22 25 25 21 38 28 23 21 20 20 116 20 27 26 34 27 23 22 21 21 20 20
internal_value=0 0.000981185 0.000219014 0.0040509 0.0115709 0.00562566 -0.000497742 0.00473381 0.00369846 0.00455343 0.00335244 -0.000894984 -0.00102712 -0.00118011 0.00211203 0.0034719 0.00107828 0.0110031 -0.00132132 0.00458453 0.00899031 0.00211939 0.0051755 0.00171854 -0.00291359 -0.00051458 -0.00214407 0.00158298 -0.00605292 -0.00162195
internal_weight=0 2497 2145 338 142 352 1807 328 292 270 245 1676 1655 1617 216 170 129 41 1589 131 47 84 58 143 46 109 84 43 41 1446
internal_count=3368 2497 2145 338 142 352 1807 328 292 270 245 1676 1655 1617 216 170 129 41 1589 131 47 84 58 143 46 109 84 43 41 1446
is_linear=0
shrinkage=0.05


Tree=20
num_leaves=31
num_cat=0
split_feature=21 0 1 50 46 28 25 4 41 51 48 22 48 24 30 30 47 50 30 0 47 32 1 52 16 51 49 43 3 47
split_gain=3.54578 2.17604 2.10738 4.5485 2.13164 1.72644 1.54787 1.48586 1.62013 1.36185 1.13959 1.76927 1.36406 1.20933 0.906566 0.711753 1.16524 0.883582 0.807239 0.709962 0.703875 1.39188 0.515399 0.867974 0.40491 0.356231 0.34458 0.339176 0.296871 0.315648
threshold=1.0000000180025095e-35 40.000000000000007 1.5000000000000002 3.6991760000000005 0.81120000000000003 44.500000000000007 5887.335500000001 8047.2265300000008 1.5000000000000002 326.74880000000002 52810.90095000001 10235.000000000002 14.263650000000002 0.0081500000000000027 3039.6922500000005 15529.951500000001 5299.7698895000012 5785.5303570000005 3397.9995000000004 1.5000000000000002 8095.1289670000006 2.5000000000000004 8.5000000000000018 1.0000000180025095e-35 187365.11275000003 3.6680000000000006 5791.9297940000006 1.0000000180025095e-35 1.0000000180025095e-35 295.00367150000005
decision_type=2 2 2 2 2 2 2 2 2 2 2 2 2 2 2 2 2 2 2 2 2 2 2 2 2 2 2 2 2 2
left_child=1 2 3 4 -1 7 24 8 10 -8 11 20 -13 -14 -5 17 -17 -11 -19 -18 21 22 23 -2 27 -25 -16 28 29 -4
right_child=5 -3 6 14 -6 -7 9 -9 -10 15 -12 12 13 -15 26 16 19 18 -20 -21 -22 -23 -24 25 -26 -27 -28 -29 -30 -31
leaf_value=0.00064899736248395031 0.0046874120411738544 -0.0026002392616092393 -0.0005616305306801935 -0.002393344094198716 0.015237838206322572 -0.0063261217711602941 0.012602376122329687 0.015408009444089496 0.015984296426177026 -0.010420608874410391 -0.0052119361346258837 0.0031597325205802921 0.0082539946905204244 0.023383736610412598 0.01056876726448536 0.015778293088078498 -0.0041799890020718941 -0.002386294519528747 0.009916442837566139 0.0080242334611036574 0.010595901347696782 -0.009097068433960279 0.0089748882861049092 0.00013227554207498378 0.0062493026629090315 -0.0089720753154584349 0.0016824655157203477 0.0052512569522315811 0.0044002380445599563 -0.0021025808766396265
leaf_weight=34 71 853 961 158 95 34 37 34 28 20 34 40 28 25 20 20 26 40 20 22 20 30 27 22 20 21 24 22 25 508
leaf_count=34 71 853 961 158 95 34 37 34 28 20 34 40 28 25 20 20 26 40 20 22 20 30 27 22 20 21 24 22 25 508
internal_value=0 -0.000477757 0.000404542 0.00405821 0.0113927 0.00446827 -0.000298168 0.00543408 0.00445399 0.00402255 0.00343874 0.00447438 0.01013 0.0153907 -0.000625712 0.0018776 0.00563852 -0.00131919 0.00171462 0.00141361 0.00172058 0.00068253 0.0027633 0.00129213 -0.000818567 -0.00431404 0.00572169 -0.00091181 -0.00100256 -0.00109451
internal_weight=0 2905 2052 331 129 414 1721 380 346 185 318 284 93 53 202 148 68 80 60 48 191 171 141 114 1536 43 44 1516 1494 1469
internal_count=3319 2905 2052 331 129 414 1721 380 346 185 318 284 93 53 202 148 68 80 60 48 191 171 141 114 1536 43 44 1516 1494 1469
is_linear=0
shrinkage=0.05


end of trees

feature_importances:
a33=48
a8=44
a3=43
a50=42
a2=37
a51=37
a28=36
a49=33
a52=30
a54=29
a53=26
a29=24
a25=20
a27=18
a32=18
a47=18
a7=16
a19=15
a24=15
a4_E=10
a34=9
a35=9
a1_女=8
a30=7
a31=6
a44=5
a46=5
a26=4
a1_男=3
a4_C=3
a10=2
a14=2
a22=2
a23=2
a6=1
a18=1
a21=1
a4_D=1

parameters:
[boosting: gbdt]
[objective: regression]
[metric: auc,l2]
[tree_learner: serial]
[device_type: cpu]
[data: ]
[valid: ]
[num_iterations: 100]
[learning_rate: 0.05]
[num_leaves: 31]
[num_threads: 0]
[deterministic: 0]
[force_col_wise: 0]
[force_row_wise: 0]
[histogram_pool_size: -1]
[max_depth: -1]
[min_data_in_leaf: 20]
[min_sum_hessian_in_leaf: 0.001]
[bagging_fraction: 0.8]
[pos_bagging_fraction: 1]
[neg_bagging_fraction: 1]
[bagging_freq: 5]
[bagging_seed: 3]
[feature_fraction: 0.9]
[feature_fraction_bynode: 1]
[feature_fraction_seed: 2]
[extra_trees: 0]
[extra_seed: 6]
[early_stopping_round: 5]
[first_metric_only: 0]
[max_delta_step: 0]
[lambda_l1: 0]
[lambda_l2: 0]
[linear_lambda: 0]
[min_gain_to_split: 0]
[drop_rate: 0.1]
[max_drop: 50]
[skip_drop: 0.5]
[xgboost_dart_mode: 0]
[uniform_drop: 0]
[drop_seed: 4]
[top_rate: 0.2]
[other_rate: 0.1]
[min_data_per_group: 100]
[max_cat_threshold: 32]
[cat_l2: 10]
[cat_smooth: 10]
[max_cat_to_onehot: 4]
[top_k: 20]
[monotone_constraints: ]
[monotone_constraints_method: basic]
[monotone_penalty: 0]
[feature_contri: ]
[forcedsplits_filename: ]
[refit_decay_rate: 0.9]
[cegb_tradeoff: 1]
[cegb_penalty_split: 0]
[cegb_penalty_feature_lazy: ]
[cegb_penalty_feature_coupled: ]
[path_smooth: 0]
[interaction_constraints: ]
[verbosity: 0]
[saved_feature_importance_type: 0]
[linear_tree: 0]
[max_bin: 255]
[max_bin_by_feature: ]
[min_data_in_bin: 3]
[bin_construct_sample_cnt: 200000]
[data_random_seed: 1]
[is_enable_sparse: 1]
[enable_bundle: 1]
[use_missing: 1]
[zero_as_missing: 0]
[feature_pre_filter: 1]
[pre_partition: 0]
[two_round: 0]
[header: 0]
[label_column: ]
[weight_column: ]
[group_column: ]
[ignore_column: ]
[categorical_feature: ]
[forcedbins_filename: ]
[precise_float_parser: 0]
[objective_seed: 5]
[num_class: 1]
[is_unbalance: 0]
[scale_pos_weight: 1]
[sigmoid: 1]
[boost_from_average: 1]
[reg_sqrt: 0]
[alpha: 0.9]
[fair_c: 1]
[poisson_max_delta_step: 0.7]
[tweedie_variance_power: 1.5]
[lambdarank_truncation_level: 30]
[lambdarank_norm: 1]
[label_gain: ]
[eval_at: ]
[multi_error_top_k: 1]
[auc_mu_weights: ]
[num_machines: 1]
[local_listen_port: 12400]
[time_out: 120]
[machine_list_filename: ]
[machines: ]
[gpu_platform_id: -1]
[gpu_device_id: -1]
[gpu_use_dp: 0]
[num_gpu: 1]

end of parameters

pandas_categorical:[]
