tree
version=v3
num_class=1
num_tree_per_iteration=1
label_index=0
max_feature_idx=58
objective=regression
feature_names=a2 a3 a5 a6 a7 a8 a9 a10 a11 a12 a13 a14 a15 a16 a17 a18 a19 a20 a21 a22 a23 a24 a25 a26 a27 a28 a29 a30 a31 a32 a33 a34 a35 a36 a37 a38 a39 a40 a41 a42 a43 a44 a45 a46 a47 a48 a49 a50 a51 a52 a53 a54 a1_女 a1_男 a4_A a4_B a4_C a4_D a4_E
feature_infos=[1:72] [0:26] [0:1] [0:1] [0:66906] [0:13] [0:1] [0:1] [0:1] none [0:1] [0:1] [0:1] [0:1] [0:1] [0:1] [0:4222800] [200804:202211] [202304:205211] [0:34] [0:233581.7047] [0:1] [0:267000] [0:1.8214999999999999] [0:1.1662999999999999] [0:4767610] [0:4564750] [0:491] [0:298] [0:2907971.4199999999] [0:3756054.6239999998] [0:455] [0:275] none none [0:233] [0:62] [0:8] [0:233] [0:62] [0:16] [0:233] [0:77] [0:21] [0:318] [0:150] [0:19139487.760000002] [0:18137127.07] [0:16969226.789999999] [0:24716031.920000002] [0:22961640.059999999] [0:20579620.879999999] [0:1] [0:1] none [0:1] [0:1] [0:1] [0:1]
tree_sizes=2690 2782 2795 2786 2790 2812 2796 2798 2809 2804 2835 2829 2827 2846 2832 2834 2853 2816 2813 2833

Tree=0
num_leaves=31
num_cat=0
split_feature=21 1 5 46 26 7 30 48 1 49 51 25 28 51 29 0 27 0 51 25 0 1 5 48 53 0 49 53 47 51
split_gain=21.1211 17.7911 32.0616 20.5139 6.36417 3.15085 2.85734 3.57143 2.49357 2.47659 2.14635 1.85076 1.66707 1.52352 1.50592 1.70527 1.32872 1.29761 1.11813 2.33694 1.11162 1.37925 1.04227 1.92263 0.8985 0.825042 0.755083 0.640045 1.29018 0.631847
threshold=1.0000000180025095e-35 1.5000000000000002 1.0000000180025095e-35 115.85863925000002 665.47500000000014 1.0000000180025095e-35 9223.4677500000016 174.2784 1.5000000000000002 37.175000000000004 97.003200000000007 2699.2283100000004 4.5000000000000009 3473.5456000000004 13952.955750000003 2.5000000000000004 6.5000000000000009 9.5000000000000018 276.65120000000007 1552.2621300000003 1.5000000000000002 3.5000000000000004 1.0000000180025095e-35 87.017400000000023 1.0000000180025095e-35 11.500000000000002 1.1812500000000001 1.0000000180025095e-35 54.986358000000003 5.4488000000000012
decision_type=2 2 2 2 2 2 2 2 2 2 2 2 2 2 2 2 2 2 2 2 2 2 2 2 2 2 2 2 2 2
left_child=1 2 3 -1 17 10 8 -8 9 -2 24 26 -13 -7 -12 -16 -9 22 19 20 -10 -22 -3 27 -6 -5 -4 -24 29 -29
right_child=6 4 11 25 5 13 7 16 18 -11 14 12 -14 -15 15 -17 -18 -19 -20 -21 21 -23 23 -25 -26 -27 -28 28 -30 -31
leaf_value=0.11558333317438763 0.15367857126962572 0.1160297617458162 0.12694696953802398 0.16490765749871195 0.12358333317438762 0.14058333317438762 0.15844047603153047 0.14358333317438762 0.13641666650772094 0.13016666650772096 0.11919158059706803 0.13701190460295903 0.11942948702054147 0.12427898534830066 0.13336111095216541 0.11852450964497585 0.12874122791122972 0.11584442978013175 0.12432119725205752 0.14653571412676858 0.13732246360917022 0.12364784930341988 0.11954372921399158 0.11719930275613667 0.13585360344465788 0.15367857126962572 0.11716228054280867 0.12409397147225996 0.13344047603153047 0.11859538136715871
leaf_weight=31 21 336 22 74 25 38 21 25 36 24 291 28 26 23 45 34 38 766 103 21 23 93 202 526 37 21 190 141 28 83
leaf_count=31 21 336 22 74 25 38 21 25 36 24 291 28 26 23 45 34 38 766 103 21 23 93 202 526 37 21 190 141 28 83
internal_value=0.121667 0.120201 0.130124 0.150901 0.11869 0.123798 0.132373 0.140583 0.130225 0.141139 0.122296 0.120283 0.128546 0.134436 0.120854 0.126976 0.134631 0.117481 0.128446 0.130901 0.128741 0.126359 0.118433 0.119257 0.130906 0.162425 0.118178 0.121641 0.123321 0.122057
internal_weight=0 2967 392 126 2575 493 405 84 321 45 432 266 54 61 370 79 63 2082 276 173 152 116 1316 980 62 95 212 454 252 224
internal_count=3372 2967 392 126 2575 493 405 84 321 45 432 266 54 61 370 79 63 2082 276 173 152 116 1316 980 62 95 212 454 252 224
is_linear=0
shrinkage=1


Tree=1
num_leaves=31
num_cat=0
split_feature=21 1 5 46 5 44 44 16 25 26 48 48 30 1 49 28 4 46 0 48 0 26 47 5 27 32 27 0 49 46
split_gain=19.0618 16.0565 28.9356 18.5138 5.91599 3.46037 3.35319 2.66746 1.67031 1.63864 1.62487 1.51727 3.66894 2.92896 3.08284 1.50453 1.43495 1.26975 1.26505 1.12288 1.1147 1.09165 1.66238 0.987474 0.878041 1.62654 0.844633 0.744601 0.681462 0.635411
threshold=1.0000000180025095e-35 1.5000000000000002 1.0000000180025095e-35 115.85863925000002 3.5000000000000004 4.5000000000000009 2.5000000000000004 187365.11275000003 2699.2283100000004 9621.4432500000021 1.2006000000000003 174.2784 3014.2402500000003 3.5000000000000004 0.26875000000000004 4.5000000000000009 2821.1204000000002 591.30624000000012 1.5000000000000002 32589.186450000005 40.000000000000007 1307.4802500000003 1930.7409250000003 5.5000000000000009 6.5000000000000009 1.5000000000000002 3.5000000000000004 11.500000000000002 1.1812500000000001 828.25920000000008
decision_type=2 2 2 2 2 2 2 2 2 2 2 2 2 2 2 2 2 2 2 2 2 2 2 2 2 2 2 2 2 2
left_child=1 2 3 -1 20 7 11 9 28 10 -6 12 13 14 -2 -10 26 -13 -15 24 21 -3 29 -8 25 -19 -11 -5 -4 -23
right_child=6 4 8 27 5 -7 23 -9 15 16 -12 17 -14 18 -16 -17 -18 19 -20 -21 -22 22 -24 -25 -26 -27 -28 -29 -30 -31
leaf_value=-0.0057791665196418769 0.032173892731467889 -0.0036722230377384058 0.0050162876532836402 0.041078942591274113 0.0080966486107735408 0.018686709992055382 0.031127322057173369 0.016329946999366469 0.014577976720673697 -0.0042667372684393615 -0.0022247033688613184 -0.0064193169453314368 0.029885886531944079 0.013497842708602548 0.0070857848078012473 -0.0021253202970211325 0.016591286783417068 0.0061852948972955348 0.0019562445216528748 0.0016637029006115853 -0.0056836780090091677 0.003403076959344057 -0.0042323857200918377 0.015969177115369926 0.0022939270281273384 0.022849011421203616 0.0072434092695648601 0.030411308649040403 -0.0042791666325769926 0.015096726765235267
leaf_weight=31 24 1136 22 74 42 28 21 26 28 28 414 21 24 32 25 26 24 32 92 62 739 26 54 22 23 27 37 21 190 21
leaf_count=31 24 1136 22 74 42 28 21 26 28 28 414 21 24 32 25 26 24 32 92 62 739 26 54 22 23 27 37 21 190 21
internal_value=0 -0.00139258 0.00803461 0.0277724 -0.00282771 0.00152515 0.0101715 0.000683606 -0.00131488 -6.28249e-05 -0.00127405 0.00860343 0.0115659 0.00902441 0.0193738 0.00653565 0.00614302 0.00506641 0.00493472 0.00674141 -0.00414723 -0.00322933 0.0017521 0.023372 0.0105806 0.0138111 0.00228519 0.0387208 -0.00331454 0.0086279
internal_weight=0 2967 392 126 2575 599 405 571 266 545 456 362 197 173 49 54 89 165 124 144 1976 1237 101 43 82 59 65 95 212 47
internal_count=3372 2967 392 126 2575 599 405 571 266 545 456 362 197 173 49 54 89 165 124 144 1976 1237 101 43 82 59 65 95 212 47
is_linear=0
shrinkage=0.05


Tree=2
num_leaves=31
num_cat=0
split_feature=21 1 5 46 5 44 44 16 25 26 48 24 1 46 28 48 0 26 47 47 4 5 0 49 47 46 52 0 49 46
split_gain=17.2033 14.491 26.1144 16.7087 5.33918 3.12298 3.02626 2.40739 1.50746 1.47887 1.46644 1.3874 1.92756 2.27525 1.35784 1.33736 1.00602 0.98521 1.5003 0.967457 0.953666 0.891195 0.817297 1.27977 1.41116 1.87373 0.791808 0.672002 0.61502 0.573459
threshold=1.0000000180025095e-35 1.5000000000000002 1.0000000180025095e-35 115.85863925000002 3.5000000000000004 4.5000000000000009 2.5000000000000004 187365.11275000003 2699.2283100000004 9621.4432500000021 1.2006000000000003 0.79805000000000004 2.5000000000000004 1035.8342400000004 4.5000000000000009 17525.432250000002 40.000000000000007 1307.4802500000003 1930.7409250000003 133.24390800000003 3453.2416800000005 5.5000000000000009 1.5000000000000002 50.70000000000001 581.14432150000005 58539.216000000008 1.0000000180025095e-35 11.500000000000002 1.1812500000000001 828.25920000000008
decision_type=2 2 2 2 2 2 2 2 2 2 2 2 2 2 2 2 2 2 2 2 2 2 2 2 2 2 2 2 2 2
left_child=1 2 3 -1 16 7 11 9 28 10 -6 12 13 19 -10 -11 17 -3 29 -2 22 -8 23 -14 -25 -26 -24 -5 -4 -19
right_child=6 4 8 27 5 -7 21 -9 14 15 -12 -13 20 -15 -16 -17 -18 18 -20 -21 -22 -23 26 24 25 -27 -28 -29 -30 -31
leaf_value=-0.0054902084171772007 0.014615390449762344 -0.0034886119493716203 0.0047654737125743529 0.039024993384609352 0.007691816134112222 0.017752374442560333 0.029570956350792023 0.015513449678054222 0.013849077480179923 0.012936425071797873 -0.0021134684213261674 0.01978960942166547 0.018670657986686344 0.0046344025389236567 -0.0020190544999562779 0.00054525099694728856 -0.0053994942406073963 0.0032329232073747198 -0.0040207664723749519 0.029619111670624643 0.014583656728267669 0.015170717950571667 0.0049640376264086135 -0.0067116933502256865 0.01645034275510732 -0.0010159637246813095 -0.0028698444772850386 0.028890743319477354 -0.0040652082625188329 0.014341890386172704
leaf_weight=31 22 1136 22 74 42 28 21 26 28 38 414 24 21 34 26 51 739 26 54 21 25 22 78 20 34 28 55 21 190 21
leaf_count=31 22 1136 22 74 42 28 21 26 28 38 414 24 21 34 26 51 739 26 54 21 25 22 78 20 34 28 55 21 190 21
internal_value=0 -0.00132295 0.00763288 0.0263838 -0.00268632 0.0014489 0.00966288 0.000649426 -0.00124914 -5.96838e-05 -0.00121035 0.00817326 0.00734843 0.0143001 0.00620887 0.00583586 -0.00393987 -0.00306786 0.0016645 0.0219428 0.00529755 0.0222034 0.00431385 0.00765742 0.00483696 0.00856233 0.00172446 0.0367848 -0.00314882 0.0081965
internal_weight=0 2967 392 126 2575 599 405 571 266 545 456 362 338 77 54 89 1976 1237 101 43 261 43 236 103 82 62 133 95 212 47
internal_count=3372 2967 392 126 2575 599 405 571 266 545 456 362 338 77 54 89 1976 1237 101 43 261 43 236 103 82 62 133 95 212 47
is_linear=0
shrinkage=0.05


Tree=3
num_leaves=31
num_cat=0
split_feature=21 1 5 46 5 44 44 16 25 26 48 48 29 1 49 4 46 0 25 27 32 0 26 46 0 25 26 32 32 0
split_gain=15.5259 13.0781 23.5683 15.0796 4.81861 2.81849 2.7312 2.17267 1.36048 1.33468 1.32346 1.2937 2.91805 2.5869 2.47616 1.24334 1.0975 0.998108 0.971592 2.94418 0.909381 0.907932 0.889152 1.2208 0.856921 0.761995 0.662374 0.632491 0.630551 0.606482
threshold=1.0000000180025095e-35 1.5000000000000002 1.0000000180025095e-35 115.85863925000002 3.5000000000000004 4.5000000000000009 2.5000000000000004 187365.11275000003 2699.2283100000004 9621.4432500000021 1.2006000000000003 174.2784 5667.7750000000005 3.5000000000000004 0.26875000000000004 2821.1204000000002 591.30624000000012 1.5000000000000002 33.879000000000012 3.5000000000000004 10.500000000000002 40.000000000000007 1307.4802500000003 2223.2544000000003 2.5000000000000004 12338.078770000002 20370.427250000004 11.500000000000002 2.5000000000000004 11.500000000000002
decision_type=2 2 2 2 2 2 2 2 2 2 2 2 2 2 2 2 2 2 2 2 2 2 2 2 2 2 2 2 2 2
left_child=1 2 3 -1 21 7 11 9 -4 10 -6 12 13 14 -2 25 -13 -15 -18 28 -10 22 -3 -24 -8 -11 -21 -27 -20 -5
right_child=6 4 8 29 5 -7 24 -9 20 15 -12 16 -14 17 -16 -17 18 -19 19 26 -22 -23 23 -25 -26 27 -28 -29 -30 -31
leaf_value=-0.0052156977355480201 0.029602211186041436 -0.0033141812673625603 -0.0029913759807933052 0.037073745900714723 0.0073072251996823727 0.016864755696484022 0.013523935489356518 0.014737777755810665 0.011487357294367206 -0.0061674260906875132 -0.0020077949362820474 -0.0061797604496989936 0.028117054984683084 0.01220666968729347 0.0073305626328174891 0.015269790496677161 -0.00056663986295461659 0.0019830403096498328 0.012677390556782485 -0.0047192842389146492 -0.0016344897449016571 -0.0051295194684128319 0.0071330381706357004 -0.0038616337977788028 0.027675212045078692 1.7217577745517095e-05 0.0058380422970423333 0.011899174998203914 0.025082409754395487 0.027446206694557551
leaf_weight=31 24 1136 212 74 42 28 20 26 31 20 414 21 21 32 26 24 40 94 20 24 23 739 50 51 23 24 39 21 21 21
leaf_count=31 24 1136 212 74 42 28 20 26 31 20 414 21 21 32 26 24 40 94 20 24 23 739 50 51 23 24 39 21 21 21
internal_value=0 -0.0012568 0.00725123 0.0250646 -0.00255201 0.00137645 0.00917973 0.000616954 -0.00118668 -5.66996e-05 -0.00114983 0.0077646 0.0105001 0.00839811 0.018021 0.00554407 0.00449854 0.00457952 0.00605579 0.00860288 0.00589842 -0.00374287 -0.00291447 0.00158127 0.0210932 0.00195304 0.0018162 0.00556213 0.0190312 0.0349456
internal_weight=0 2967 392 126 2575 599 405 571 266 545 456 362 197 176 50 89 165 126 144 104 54 1976 1237 101 43 65 63 45 41 95
internal_count=3372 2967 392 126 2575 599 405 571 266 545 456 362 197 176 50 89 165 126 144 104 54 1976 1237 101 43 65 63 45 41 95
is_linear=0
shrinkage=0.05


Tree=4
num_leaves=31
num_cat=0
split_feature=21 1 49 46 30 44 51 25 25 24 1 46 0 26 0 0 28 47 22 4 4 51 0 49 47 46 52 25 48 28
split_gain=14.0122 11.803 19.4245 14.585 4.34891 2.4649 2.0559 2.20862 1.23887 1.22844 1.56402 1.92974 1.14821 1.14711 1.17294 1.07761 0.970623 0.828489 0.811411 0.785614 0.758349 1.21611 0.720001 1.08242 1.26174 1.63703 0.711286 0.710945 0.676628 1.8158
threshold=1.0000000180025095e-35 1.5000000000000002 1.1812500000000001 0.39840000000000003 1794.2872500000001 2.5000000000000004 117.82400000000001 2220.8813800000003 2699.2283100000004 0.79805000000000004 2.5000000000000004 1035.8342400000004 11.500000000000002 4953.1195000000007 9.5000000000000018 7.5000000000000009 4.5000000000000009 133.24390800000003 8900.4450000000015 3453.2416800000005 2821.1204000000002 2277.3296000000005 1.5000000000000002 50.70000000000001 581.14432150000005 58539.216000000008 1.0000000180025095e-35 61866.004910000011 87.017400000000023 1.5000000000000002
decision_type=2 2 2 2 2 2 2 2 2 2 2 2 2 2 2 2 2 2 2 2 2 2 2 2 2 2 2 2 2 2
left_child=1 2 3 -1 15 9 7 -6 -4 10 11 17 -5 -8 20 28 -10 -2 -7 22 27 -22 23 -12 -25 -26 -24 -15 29 -3
right_child=5 4 8 12 6 18 13 -9 16 -11 19 -13 -14 14 -16 -17 -18 -19 -20 -21 21 -23 26 24 25 -27 -28 -29 -30 -31
leaf_value=-0.0023057556751629581 0.0131199046630751 -0.001998605672013497 -0.00371237902264846 0.034466453651084181 -0.00062282147029271489 0.026443386142668519 -0.0020651616244273781 0.01828939499039399 0.011572654048601787 0.018306999374181034 0.017126790895348503 0.0039605292327263781 0.021978800836950543 0.00055209155524930649 -0.0042812722069876536 -0.0046631805962700952 -0.0019625487235876231 0.027004287888606388 0.012673013880848885 0.01318114307522774 0.0028502746884311952 0.019671989570964468 0.0045000719002042068 -0.0065157680772244932 0.015299962767783335 -0.0010259007236787252 -0.002924805764447559 0.011014231480658054 -0.0037394400412609817 0.0090761404580030677
leaf_weight=46 22 726 190 79 26 23 169 38 27 24 21 34 24 62 35 870 26 21 20 25 21 22 78 20 34 28 55 22 545 39
leaf_count=46 22 726 190 79 26 23 169 38 27 24 21 34 24 62 35 870 26 21 20 25 21 22 78 20 34 28 55 22 545 39
internal_value=0 -0.00119396 0.00688867 0.0211025 -0.00242441 0.00872075 0.00240286 0.0106063 -0.00182682 0.00737637 0.00660023 0.0128622 0.0315567 0.000816693 0.00382307 -0.00329907 0.00493274 0.0199006 0.0200386 0.00475284 0.00605655 0.0114567 0.00386001 0.00699826 0.00440437 0.00792699 0.00142963 0.00329218 -0.00239314 -0.00143401
internal_weight=0 2967 392 149 2575 405 395 64 243 362 338 77 103 331 162 2180 53 43 43 261 127 43 236 103 82 62 133 84 1310 765
internal_count=3372 2967 392 149 2575 405 395 64 243 362 338 77 103 331 162 2180 53 43 43 261 127 43 236 103 82 62 133 84 1310 765
is_linear=0
shrinkage=0.05


Tree=5
num_leaves=31
num_cat=0
split_feature=22 1 5 46 5 48 25 30 48 30 51 46 56 51 47 30 52 51 5 50 52 24 25 25 7 48 7 58 1 31
split_gain=12.6998 9.10942 17.2306 10.9934 4.85999 3.19167 5.21556 2.30327 2.26119 1.75259 1.48916 1.75137 1.68424 1.25657 1.70203 1.17926 1.21802 1.56378 1.1376 1.05617 0.959399 0.812411 0.79451 0.772458 0.685703 0.656437 0.607606 0.603067 0.475104 0.666935
threshold=1.0000000180025095e-35 1.5000000000000002 1.0000000180025095e-35 115.85863925000002 3.5000000000000004 17525.432250000002 9798.4942000000028 9223.4677500000016 661.3261500000001 4489.6635000000006 2731.5064000000007 1.0000000180025095e-35 1.0000000180025095e-35 11.3512 8.5141950000000026 14019.117000000002 1.0000000180025095e-35 159.04000000000002 4.5000000000000009 25740.504850000001 1.0000000180025095e-35 0.0020500000000000002 308.75553000000008 471.85100000000006 1.0000000180025095e-35 16.712700000000002 1.0000000180025095e-35 1.0000000180025095e-35 4.5000000000000009 1.5000000000000002
decision_type=2 2 2 2 2 2 2 2 2 2 2 2 2 2 2 2 2 2 2 2 2 2 2 2 2 2 2 2 2 2
left_child=1 2 3 -1 24 6 15 10 -9 -4 11 21 13 14 -13 16 17 22 -11 -10 -8 -2 -6 -19 -3 -26 -15 -7 -18 -30
right_child=7 4 9 -5 5 27 20 8 19 18 -12 12 -14 26 -16 -17 28 23 -20 -21 -22 -23 -24 -25 25 -27 -28 -29 29 -31
leaf_value=-0.004839625209569931 -0.0043172998418068067 -0.003562494844814296 -0.0028859999211349151 0.029968938439764004 0.0058024214874756973 -0.0033160560252144936 0.026664542853832247 0.029728027712553742 0.0035146739644308887 0.00064495487759510682 0.00010477848098439686 0.010787202635159095 0.00073516482004412902 0.0064134898728558003 0.029087212736959814 0.014052992686629295 -0.0057913547206037454 -0.0056393320361773176 0.015249763724083702 0.018348286704470716 0.012668925834198794 0.0087818125262856487 0.016214565325666359 0.0037908172577011349 0.0083133591028551265 -0.0027808685104052226 0.016523440279390501 0.0055199857091619859 -0.0024229260693703382 0.0082138350233435641
leaf_weight=30 29 1935 227 93 57 240 25 24 24 30 59 24 27 42 27 20 53 39 24 24 24 20 27 49 24 30 23 21 56 20
leaf_count=30 29 1935 227 93 57 240 25 24 24 30 59 24 27 42 27 20 53 39 24 24 24 20 27 49 24 30 23 21 56 20
internal_value=0 -0.00111686 0.00587164 0.021479 -0.00219448 0.00162883 0.00461548 0.00931363 0.017197 -0.000960068 0.00705227 0.00918717 0.0119825 0.0146005 0.0204754 0.00229613 0.00151494 0.00426946 0.00713598 0.0109315 0.0198095 0.00102928 0.00914918 -0.000388453 -0.00340741 0.0021499 0.00999086 -0.00260511 -0.00215774 0.000376222
internal_weight=0 3024 404 123 2620 631 370 323 72 281 251 192 143 116 51 321 301 172 54 48 49 49 84 88 1989 54 65 261 129 76
internal_count=3347 3024 404 123 2620 631 370 323 72 281 251 192 143 116 51 321 301 172 54 48 49 49 84 88 1989 54 65 261 129 76
is_linear=0
shrinkage=0.05


Tree=6
num_leaves=31
num_cat=0
split_feature=21 1 5 46 5 30 48 48 25 1 46 0 27 30 56 46 51 27 22 5 30 5 0 51 7 50 22 0 25 52
split_gain=14.5184 8.76476 16.0759 10.1808 3.34432 3.12102 3.34351 2.16131 3.35213 1.32212 1.25269 1.22984 1.10048 1.08229 1.0746 1.49684 1.36351 1.00704 1.00294 1.54948 0.905868 0.822452 0.811123 0.76129 0.735983 0.726 0.688982 0.595864 0.494895 0.432024
threshold=1.0000000180025095e-35 1.5000000000000002 1.0000000180025095e-35 115.85863925000002 3.5000000000000004 9223.4677500000016 174.2784 17525.432250000002 9798.4942000000028 9.5000000000000018 1.1708785000000002 1.5000000000000002 3.5000000000000004 3647.3377500000001 1.0000000180025095e-35 1.0000000180025095e-35 3089.6264000000006 15.500000000000002 13795.000000000002 4.5000000000000009 5057.8762500000012 4.5000000000000009 3.5000000000000004 159.04000000000002 1.0000000180025095e-35 83.751675500000019 3560.4450000000002 40.000000000000007 0.073650000000000007 1.0000000180025095e-35
decision_type=2 2 2 2 2 2 2 2 2 2 2 2 2 2 2 2 2 2 2 2 2 2 2 2 2 2 2 2 2 2
left_child=1 2 3 -1 27 9 -7 8 10 14 -6 20 -8 -4 15 22 18 -14 19 25 23 -15 -2 -12 -13 -17 -11 -3 -21 -10
right_child=5 4 13 -5 7 6 12 -9 29 26 11 24 17 21 -16 16 -18 -19 -20 28 -22 -23 -24 -25 -26 -27 -28 -29 -30 -31
leaf_value=-0.0045976441353559492 0.0085353317049642399 -0.0027315027341847462 -0.0028144454504822345 0.028944110335863155 0.010812824896790765 0.033953449265523392 0.020576543157750912 -0.0026567287114729367 0.022013185545802116 -0.0072916392744942146 0.0093503379821777335 -0.0030289744469337168 -0.00034745445717935977 -5.6275399401783948e-06 0.00044567271135747432 0.011463124449214629 0.0035551936272531746 0.014796768696535201 0.021797155309468508 0.013571292608976366 0.014450715482234956 0.01255281332202933 -0.004097800053380154 -0.0017721421271562577 0.006536480039358139 0.00013368929234834818 0.0038268634363224636 -0.0045422940350019455 0.024694409742951395 0.01185952949930321
leaf_weight=30 24 1240 213 92 33 22 22 249 20 22 25 160 23 32 40 31 40 21 32 20 21 22 27 40 23 26 38 717 20 22
leaf_count=30 24 1240 213 92 33 22 22 249 20 22 25 160 23 32 40 31 40 21 32 20 21 22 27 40 23 26 38 717 20 22
internal_value=0 -0.00133173 0.00565921 0.0206961 -0.00239819 0.00873359 0.0170727 0.000891251 0.00345941 0.00644032 0.00161876 0.000490858 0.0114458 -0.00121159 0.00798422 0.00935487 0.0116205 0.00688047 0.0141214 0.0115891 0.00542253 0.00511077 0.0018472 0.00250573 -0.00182676 0.00629531 -0.000249921 -0.00339494 0.0191329 0.0166946
internal_weight=0 2939 389 122 2550 408 88 593 344 320 302 269 66 267 260 220 169 44 129 97 86 54 51 65 183 57 60 1957 40 42
internal_count=3347 2939 389 122 2550 408 88 593 344 320 302 269 66 267 260 220 169 44 129 97 86 54 51 65 183 57 60 1957 40 42
is_linear=0
shrinkage=0.05


Tree=7
num_leaves=31
num_cat=0
split_feature=21 1 5 47 5 30 48 48 25 1 48 0 25 28 27 25 49 47 0 49 25 27 30 7 51 22 51 0 29 49
split_gain=13.1028 7.91019 14.5085 9.18815 3.01825 2.81672 3.01752 1.95059 3.0253 1.19321 1.00563 1.00072 0.994799 1.37388 0.993186 0.974293 1.4308 2.07458 1.5514 1.39769 0.916889 0.908857 0.863789 0.647636 0.641457 0.621806 0.570325 0.537767 0.428913 0.406291
threshold=1.0000000180025095e-35 1.5000000000000002 1.0000000180025095e-35 133.24390800000003 3.5000000000000004 9223.4677500000016 174.2784 17525.432250000002 9798.4942000000028 9.5000000000000018 0.79170000000000018 1.5000000000000002 2699.2283100000004 2.5000000000000004 3.5000000000000004 0.073650000000000007 369.08208800000006 133.24390800000003 6.5000000000000009 6.3916690000000012 2467.2750000000005 15.500000000000002 5057.8762500000012 1.0000000180025095e-35 1841.3864000000001 3560.4450000000002 159.04000000000002 40.000000000000007 13952.955750000003 353.92000050000007
decision_type=2 2 2 2 2 2 2 2 2 2 2 2 2 2 2 2 2 2 2 2 2 2 2 2 2 2 2 2 2 2
left_child=1 2 3 -1 27 9 -7 8 10 15 -6 22 -4 -14 -8 16 17 18 19 -2 -17 -16 26 29 -22 -11 -12 28 -3 -13
right_child=5 4 12 -5 7 6 14 -9 -10 25 11 23 13 -15 21 20 -18 -19 -20 -21 24 -23 -24 -25 -26 -27 -28 -29 -30 -31
leaf_value=-0.0043677616864442829 0.0046740243550051344 -0.002728318303148933 -0.0027055295957428109 0.027496903681236768 0.0096383500625105475 0.032255777377973908 0.019547716189514508 -0.0025238922606390644 0.015859873486416681 -0.0069270574572411455 0.00772141799054764 0.00021257043787927337 0.014162186598000321 -0.0018586967256851495 -0.0003300814201002536 0.01950453088751861 -0.0033466080721053812 0.022742596920579672 -0.004100922064390034 0.01800580910806145 0.012827719698349636 0.014056930052382606 0.013728179410099984 0.0062096560130948612 0.0012675822898745538 0.003635520125298124 -0.0016835350077599289 -0.0043151794705472398 0.0038878613859415056 -0.0049402567056509167
leaf_weight=30 66 1215 212 92 34 22 22 249 42 22 27 66 23 32 23 28 36 20 32 28 30 21 21 23 20 38 40 717 25 91
leaf_count=30 66 1215 212 92 34 22 22 249 42 22 27 66 23 32 23 28 36 20 32 28 30 21 21 23 20 38 40 717 25 91
internal_value=0 -0.00126514 0.00537625 0.0196613 -0.00227828 0.00829691 0.0162191 0.000846689 0.00328644 0.0061183 0.00153782 0.000510138 -0.00115101 0.00484095 0.0108735 0.00758501 0.00558128 0.00778268 0.00540809 0.00864519 0.0122604 0.00653645 0.00487987 -0.00162618 0.00820366 -0.000237425 0.00210652 -0.00322519 -0.00259493 -0.0027741
internal_weight=0 2939 389 122 2550 408 88 593 344 320 302 268 267 55 66 260 182 146 126 94 78 44 88 180 50 60 67 1957 1240 157
internal_count=3347 2939 389 122 2550 408 88 593 344 320 302 268 267 55 66 260 182 146 126 94 78 44 88 180 50 60 67 1957 1240 157
is_linear=0
shrinkage=0.05


Tree=8
num_leaves=31
num_cat=0
split_feature=21 1 5 46 5 44 48 25 48 30 25 27 56 47 50 46 46 0 30 30 26 51 52 48 25 49 52 48 0 32
split_gain=11.8253 7.13895 13.0939 8.2923 2.72397 2.62109 1.7604 2.73033 1.43557 3.83222 1.87777 2.39806 1.33302 1.23792 1.64543 1.11951 1.04284 1.01387 0.937304 0.734983 0.633315 0.626794 0.539366 0.756079 1.01179 0.532252 0.513695 0.500077 0.485335 0.466301
threshold=1.0000000180025095e-35 1.5000000000000002 1.0000000180025095e-35 115.85863925000002 3.5000000000000004 1.5000000000000002 17525.432250000002 9798.4942000000028 174.2784 3277.8847500000006 125.51433000000002 2.5000000000000004 1.0000000180025095e-35 4.2223950000000006 102.85500800000001 16.752000000000006 1.1708785000000002 1.5000000000000002 4489.6635000000006 5057.8762500000012 20864.294250000003 159.04000000000002 1.0000000180025095e-35 724.65780000000007 49.070540000000008 2279.5800005000006 1.0000000180025095e-35 1392.2914500000002 40.000000000000007 12.500000000000002
decision_type=2 2 2 2 2 2 2 2 2 2 2 2 2 2 2 2 2 2 2 2 2 2 2 2 2 2 2 2 2 2
left_child=1 2 3 -1 28 8 7 16 9 13 -10 25 -7 -2 15 -15 -6 19 26 21 -13 -18 23 24 -19 -12 -4 -20 -3 -9
right_child=5 4 18 -5 6 12 -8 29 10 -11 11 20 -14 14 -16 -17 17 22 27 -21 -22 -23 -24 -25 -26 -27 -28 -29 -30 -31
leaf_value=-0.0041493736207485199 0.0025487303605367401 -0.0024651811602375202 -0.00024288927451667625 0.026122059883630797 0.009849631131598445 0.024634153372608127 -0.0023976976657847327 0.020335276886111215 -0.0051205885687879496 0.029367108926886605 0.010476187895983459 -0.0046050383523106577 0.0088532835245132453 0.009690517102999072 0.0013658756582901395 0.023911398380994799 0.0084929163902997973 -0.0028833668562583629 0.010310478539516528 0.013041771096842632 0.0050579533936121529 -0.0015993582177907231 -0.0048219211638355873 -0.0053332093358039864 0.0091835843203099156 0.022011480983346703 -0.0051102911112922257 0.00020606806874275208 -0.0040994203520868617 0.0097984830183642253
leaf_weight=30 87 1240 117 92 33 32 249 21 51 21 20 30 23 31 29 25 25 32 24 21 39 40 78 35 38 20 101 25 717 21
leaf_count=30 87 1240 117 92 33 32 249 21 51 21 20 30 23 31 29 25 25 32 24 21 39 40 78 35 38 20 101 25 717 21
internal_value=0 -0.00120188 0.00510744 0.0186783 -0.00216436 0.00788206 0.000804354 0.00312212 0.00630018 0.00920337 0.0027982 0.00650332 0.0180349 0.00674152 0.011033 0.0160391 0.00146093 0.000431829 -0.00109346 0.0049096 0.000856653 0.00228229 -0.00167248 0.000667106 0.00366726 0.0162438 -0.00249797 0.00515517 -0.00306393 0.0150669
internal_weight=0 2939 389 122 2550 408 593 344 353 193 160 109 55 172 85 56 302 269 267 86 69 65 183 105 70 40 218 49 1957 42
internal_count=3347 2939 389 122 2550 408 593 344 353 193 160 109 55 172 85 56 302 269 267 86 69 65 183 105 70 40 218 49 1957 42
is_linear=0
shrinkage=0.05


Tree=9
num_leaves=31
num_cat=0
split_feature=21 1 50 47 30 48 30 48 20 46 1 51 56 46 51 22 27 0 52 25 51 27 25 0 50 47 22 0 1 1
split_gain=10.6724 6.4429 11.2074 8.3427 2.37979 2.51285 2.3405 2.70798 1.37312 1.16327 1.02396 0.949343 0.912286 1.16821 1.09037 0.874681 0.848545 0.813613 0.819894 1.52118 1.92257 0.797758 0.79633 0.713529 0.67842 0.550171 0.540041 0.521731 0.513557 0.563357
threshold=1.0000000180025095e-35 1.5000000000000002 3.4636965000000006 0.29900000000000004 9223.4677500000016 174.2784 12822.117000000002 9988.3482000000022 7024.119200000001 1612.8492815000002 9.5000000000000018 46502.260000000009 1.0000000180025095e-35 1.0000000180025095e-35 3089.6264000000006 13795.000000000002 3.5000000000000004 8.5000000000000018 1.0000000180025095e-35 49.070540000000008 53.071200000000012 15.500000000000002 1552.2621300000003 3.5000000000000004 102.85500800000001 4.9980565000000015 3560.4450000000002 11.500000000000002 3.5000000000000004 10.500000000000002
decision_type=2 2 2 2 2 2 2 2 2 2 2 2 2 2 2 2 2 2 2 2 2 2 2 2 2 2 2 2 2 2
left_child=1 2 3 -1 10 -6 8 9 17 -8 12 -4 13 23 15 22 -7 18 19 -3 -21 -18 24 -2 25 -15 -12 -5 -22 -30
right_child=4 6 11 27 5 16 7 -9 -10 -11 26 -13 -14 14 -16 -17 21 -19 -20 20 28 -23 -24 -25 -26 -27 -28 -29 29 -31
leaf_value=-0.0016244534946357209 0.0077474273741245277 -0.0018021261133852496 -0.0030879606098796314 0.025583356010574328 0.029404149407690223 0.017909435081211005 0.0064677646563899129 -0.0013082142062913412 0.009004269182108917 0.021130138526981077 -0.0066365789283405656 0.0062912868275757762 -0.00010177860036492348 0.0049082227051258087 0.0028961983136832716 0.019513169932179154 -0.00055030224763828771 -0.0037462687691834969 -0.0030513679176071592 0.015117496848106385 -0.0043383620453603345 0.012928716483570281 0.018106294099403463 -0.0041013448602623412 0.0009496561753062102 0.01569887810835132 0.0032070624691091089 0.017026466714299245 0.0053817009581969338 -0.0035821468879779182
leaf_weight=48 24 622 208 79 22 22 31 87 26 24 22 31 40 21 40 32 23 889 719 30 33 21 23 27 26 27 38 23 65 24
leaf_count=48 24 622 208 79 22 22 31 87 26 24 22 31 40 21 40 32 23 889 719 30 33 21 23 27 26 27 38 23 65 24
internal_value=0 -0.00114179 0.00485207 0.0155648 0.00748796 0.0147698 -0.00205615 0.00418176 -0.00242399 0.0128659 0.00548544 -0.00187141 0.00684415 0.00810704 0.0101086 0.012345 0.00989172 -0.00254874 -0.00183567 -0.000706362 0.00377762 0.00588287 0.00998019 0.00147455 0.00745451 0.010978 -0.000402273 0.0236539 0.000989124 0.00296448
internal_weight=0 2939 389 150 408 88 2550 142 2408 55 320 239 260 220 169 129 66 2382 1493 774 152 44 97 51 74 48 60 102 122 89
internal_count=3347 2939 389 150 408 88 2550 142 2408 55 320 239 260 220 169 129 66 2382 1493 774 152 44 97 51 74 48 60 102 122 89
is_linear=0
shrinkage=0.05


Tree=10
num_leaves=31
num_cat=0
split_feature=44 21 1 5 46 16 46 51 5 29 47 56 58 26 1 28 22 25 0 5 5 56 25 0 52 26 5 46 47 46
split_gain=10.841 6.30401 3.87455 11.7085 7.37642 3.21508 1.867 1.51651 1.73516 1.46252 1.62737 1.37459 1.25876 1.24233 1.15791 1.04593 1.10281 0.801761 0.752793 0.614202 0.759502 0.742404 0.735864 0.564446 0.614087 1.0282 0.802498 1.80379 1.55617 0.412708
threshold=2.5000000000000004 1.0000000180025095e-35 1.5000000000000002 1.0000000180025095e-35 115.85863925000002 347941.49830000004 233.95680000000002 112.61600000000001 4.5000000000000009 27678.148250000002 5491.602309500001 1.0000000180025095e-35 1.0000000180025095e-35 709.2985000000001 3.5000000000000004 17.500000000000004 10680.445000000002 410.80497000000008 9.5000000000000018 4.5000000000000009 7.5000000000000009 1.0000000180025095e-35 33.879000000000012 8.5000000000000018 1.0000000180025095e-35 9621.4432500000021 1.0000000180025095e-35 9.9696000000000016 2.6481185000000003 142862.63865000004
decision_type=2 2 2 2 2 2 2 2 2 2 2 2 2 2 2 2 2 2 2 2 2 2 2 2 2 2 2 2 2 2
left_child=1 2 3 4 -1 9 -2 8 14 12 -11 -8 23 -14 -3 19 -17 -10 -6 -9 21 22 -21 24 25 26 -4 28 -28 -12
right_child=6 7 5 -5 18 -7 11 15 17 10 29 -13 13 -15 -16 16 -18 -19 -20 20 -22 -23 -24 -25 -26 -27 27 -29 -30 -31
leaf_value=-0.0038606822490692139 0.025195923592481351 0.012516053231098716 -0.0042357942352638294 -0.0029670208829958907 0.025796054215992199 0.017019872181117536 0.017234636411855096 -0.0041894896074812461 0.011323479653612988 0.015944124775176701 -0.0043685131174113065 0.0026344673042850838 -0.00044120657055274299 0.010437902610968143 0.0020084356935694816 0.017195877263491807 0.00097336910665035247 0.023211327421924343 0.015649357378482821 0.00099842571431682232 -0.0052091320733661239 -0.0025813504206863317 0.012971318840528979 -0.0037072327992602907 -0.0031659409809085904 0.0093398554979459113 0.0019526623879317887 -0.0021621319045623147 0.015578164805013402 0.0036772681752572189
leaf_weight=35 36 39 184 244 68 22 38 47 37 22 28 28 115 34 80 22 20 23 25 21 23 22 33 864 671 23 108 375 26 37
leaf_count=35 36 39 184 244 68 22 38 47 37 22 28 28 115 34 80 22 20 23 25 21 23 22 33 864 671 23 108 375 26 37
internal_value=0 -0.000518022 -0.00130422 0.00345777 0.015705 -0.00201026 0.0160366 0.00565374 0.00894765 -0.0021786 0.00418979 0.0110406 -0.00240946 0.00204127 0.00545211 0.00251751 0.00947087 0.0158805 0.0230684 0.000517224 0.00275172 0.00516093 0.00831519 -0.00270406 -0.00207916 -0.00106068 -0.00140587 -0.000382868 0.00459642 0.000211393
internal_weight=0 3248 2881 372 128 2509 102 367 179 2487 87 66 2400 149 119 188 42 60 93 146 99 76 54 2251 1387 716 693 509 134 65
internal_count=3350 3248 2881 372 128 2509 102 367 179 2487 87 66 2400 149 119 188 42 60 93 146 99 76 54 2251 1387 716 693 509 134 65
is_linear=0
shrinkage=0.05


Tree=11
num_leaves=31
num_cat=0
split_feature=44 21 1 5 46 16 46 1 24 29 46 56 28 49 46 0 0 52 25 29 30 32 25 27 50 5 46 50 27 5
split_gain=9.78403 5.68937 3.49678 10.5669 6.65722 2.90161 1.68497 1.39229 1.42141 1.31993 1.43095 1.24057 1.23415 1.39548 1.51621 0.847055 0.679395 0.668454 0.966838 1.24167 1.11425 1.33701 0.634331 1.01482 0.627302 1.09091 0.69424 1.12086 0.59312 0.547589
threshold=2.5000000000000004 1.0000000180025095e-35 1.5000000000000002 1.0000000180025095e-35 115.85863925000002 347941.49830000004 233.95680000000002 9.5000000000000018 0.59475000000000011 27678.148250000002 7786.2475200000008 1.0000000180025095e-35 17.500000000000004 337.65666900000002 102.26784000000002 8.5000000000000018 9.5000000000000018 1.0000000180025095e-35 621.75821000000008 3684.4620000000004 524.8950000000001 4.5000000000000009 33.879000000000012 3.5000000000000004 628.79785350000009 1.0000000180025095e-35 9.9696000000000016 2.9174000000000002 3.5000000000000004 4.5000000000000009
decision_type=2 2 2 2 2 2 2 2 2 2 2 2 2 2 2 2 2 2 2 2 2 2 2 2 2 2 2 2 2 2
left_child=1 2 3 4 -1 9 -2 8 12 15 -11 -8 13 14 29 17 -6 18 24 20 -20 -22 -15 -24 25 -4 27 -27 -12 -3
right_child=6 7 5 -5 16 -7 11 -9 -10 10 28 -13 -14 22 -16 -17 -18 -19 19 -21 21 -23 23 -25 -26 26 -28 -29 -30 -31
leaf_value=-0.0036676481366157533 0.023936127405613662 0.0031603721740805072 -0.0035101241200531604 -0.0028186698871679973 0.024506251426304089 0.016168878600001334 0.016372904465778878 -0.00075697212706546532 0.019141512668945575 0.014078611239790918 -0.0049820183385764398 0.0025027439530406681 0.014156118016212416 -0.0055862948846291099 0.019185802433639765 -0.003500581121735779 0.01486689031124115 -0.0026678411222222139 -0.0012133629992604257 -0.0015475392708035767 0.021631387485699219 0.0037691590562462813 0.0084949900848524922 -0.0045459242394337287 -0.004191000485906796 0.001435658024227033 -0.00094593795125975325 0.011701337861664156 0.0047988075522645834 0.010885736183263363
leaf_weight=35 36 81 189 244 68 22 38 74 22 25 31 28 39 34 24 901 25 714 20 61 22 20 35 26 147 122 170 34 31 32
leaf_count=35 36 81 189 244 68 22 38 74 22 25 31 28 39 34 24 901 25 714 20 61 22 20 35 26 147 122 170 34 31 32
internal_value=0 -0.000492121 -0.00123901 0.00328488 0.0149198 -0.00190975 0.0152348 0.00537105 0.00691874 -0.00206967 0.0039803 0.0104886 0.00592649 0.00454306 0.00777221 -0.00228898 0.021915 -0.00156073 -0.000553755 0.00351713 0.0085001 0.0131256 -0.00011372 0.00293657 -0.00131013 -0.00048782 0.00126438 0.00367305 -9.16054e-05 0.00534809
internal_weight=0 3248 2881 372 128 2509 102 367 293 2487 87 66 271 232 137 2400 93 1499 785 123 62 42 95 61 662 515 326 156 62 113
internal_count=3350 3248 2881 372 128 2509 102 367 293 2487 87 66 271 232 137 2400 93 1499 785 123 62 42 95 61 662 515 326 156 62 113
is_linear=0
shrinkage=0.05


Tree=12
num_leaves=31
num_cat=0
split_feature=44 21 1 49 46 16 46 0 51 29 47 1 56 28 22 46 0 23 52 25 29 51 51 50 51 48 50 51 26 48
split_gain=8.83009 5.13465 3.15585 9.19902 5.73863 2.6187 1.52068 1.32396 1.28034 1.19123 1.33888 1.17738 1.11961 0.850421 0.983644 0.848896 0.764467 0.656391 0.60328 0.874969 1.07418 1.08568 0.588212 0.547997 0.799394 0.916274 1.30978 0.640004 0.501181 0.478229
threshold=2.5000000000000004 1.0000000180025095e-35 1.5000000000000002 1.1812500000000001 0.39840000000000003 347941.49830000004 233.95680000000002 11.500000000000002 112.61600000000001 27678.148250000002 5491.602309500001 1.5000000000000002 1.0000000180025095e-35 17.500000000000004 10680.445000000002 16.752000000000006 8.5000000000000018 0.029850000000000005 1.0000000180025095e-35 491.59411000000006 3450.6727500000002 1553.2272000000003 2731.5064000000007 118.15141150000001 0.29680000000000006 4.6632000000000007 1.8025760000000002 59.259200000000007 2043.6875000000002 60.525900000000007
decision_type=2 2 2 2 2 2 2 2 2 2 2 2 2 2 2 2 2 2 2 2 2 2 2 2 2 2 2 2 2 2
left_child=1 2 3 4 -1 9 -2 -6 11 16 -11 -3 -8 -10 -15 17 18 -13 19 23 21 28 -22 24 -4 26 -26 -27 -21 -17
right_child=6 8 5 -5 7 -7 12 -9 13 10 -12 15 -14 14 -16 29 -18 -19 -20 20 22 -23 -24 -25 25 27 -28 -29 -30 -31
leaf_value=-0.0011229431750823041 0.022739321138295864 0.017966045811772347 -0.0018295652521171158 -0.0032346774124436908 0.022868691307383698 0.015360434556549247 0.015554259452772768 0.0087053745275452021 0.00041714399695804674 0.014442987841638652 0.00017270328333744635 0.0016450750187803538 0.0023776067686932432 0.015786414119330319 0.0004654105380177498 0.018029547967016696 -0.0033255520790451509 0.010245829075574876 -0.0025344490723199203 0.0073208186065866834 -0.0062347436023335312 -0.0010528781874613328 0.0031023106361563143 -0.0032852984346750068 0.001706558249650463 -0.0028045255420864491 0.01811845652759075 0.0056615034287626096 0.018380294796079399 0.0075608212500810623
leaf_weight=49 36 26 278 225 77 22 38 21 146 22 65 78 28 22 20 20 901 31 714 21 31 22 37 223 31 69 20 33 20 24
leaf_count=49 36 26 278 225 77 22 38 21 146 22 65 78 28 22 20 20 901 31 714 21 31 22 37 223 31 69 20 33 20 24
internal_value=0 -0.000467515 -0.00117706 0.00312063 0.0128481 -0.00181426 0.014473 0.0198337 0.0051025 -0.00196619 0.00378128 0.00812907 0.00996416 0.00222081 0.0084907 0.00645743 -0.00217453 0.00409116 -0.00148269 -0.000526067 0.00320373 0.00790762 -0.00115429 -0.00127317 -0.000232087 0.00267052 0.0081426 -6.55162e-05 0.0127157 0.0123193
internal_weight=0 3248 2881 372 147 2509 102 98 367 2487 87 179 66 188 42 153 2400 109 1499 785 131 63 68 654 431 153 51 102 41 44
internal_count=3350 3248 2881 372 147 2509 102 98 367 2487 87 179 66 188 42 153 2400 109 1499 785 131 63 68 654 431 153 51 102 41 44
is_linear=0
shrinkage=0.05


Tree=13
num_leaves=31
num_cat=0
split_feature=44 21 1 49 46 16 46 1 24 58 26 28 56 56 48 1 28 29 47 1 27 47 1 23 52 26 47 30 29 1
split_gain=7.96915 4.63403 2.84815 8.30212 5.17911 2.36338 1.37242 1.21504 1.24452 1.20821 1.1804 1.03932 1.19873 1.01045 0.973744 0.980578 0.927567 0.897711 1.1935 0.504475 0.459299 0.45653 0.725351 0.43723 0.323731 0.473134 0.405398 0.589238 1.01306 0.311432
threshold=2.5000000000000004 1.0000000180025095e-35 1.5000000000000002 1.1812500000000001 0.39840000000000003 347941.49830000004 233.95680000000002 9.5000000000000018 0.59475000000000011 1.0000000180025095e-35 709.2985000000001 17.500000000000004 1.0000000180025095e-35 1.0000000180025095e-35 2803.2226500000006 1.5000000000000002 12.500000000000002 27678.148250000002 7463.7308190000012 3.5000000000000004 3.5000000000000004 311.08854700000006 5.5000000000000009 0.04370000000000001 1.0000000180025095e-35 9621.4432500000021 1537.8406695000001 1011.9112500000001 2850.0795000000003 5.5000000000000009
decision_type=2 2 2 2 2 2 2 2 2 2 2 2 2 2 2 2 2 2 2 2 2 2 2 2 2 2 2 2 2 2
left_child=1 2 3 4 -1 9 -2 8 11 17 -11 12 14 -8 15 -3 -12 24 -19 -14 -20 22 -17 -9 25 26 27 29 -29 -4
right_child=6 7 5 -5 -6 -7 13 23 -10 10 16 -13 19 -15 -16 21 -18 18 20 -21 -22 -23 -24 -25 -26 -27 -28 28 -30 -31
leaf_value=-0.0010667959874381826 0.021602355212801034 0.016825659632682798 -0.0025291871424431007 -0.0030729435367716686 0.01884201003276572 0.014592412994666536 0.014776546331612687 -0.0032162843548037391 0.017730170860886574 -0.00027389827923014249 0.017300065085291864 0.012916914087075454 -0.0090066335909068582 0.0022587263557527749 -0.0010826408576506835 0.0012978693795582606 0.0025770089872505352 0.013661764338612556 -0.0047924867520729702 0.0013905678077467851 0.0041965358649139048 0.012836534213274717 0.010117961053509971 0.0054379555955529216 -0.0029546758025366568 0.0040560675784945491 -0.0037246554166199715 0.012542702481150629 -0.0012395009305328133 -0.00051031096617838278
leaf_weight=49 36 25 514 225 98 22 38 54 22 116 20 39 20 28 39 63 23 20 30 28 27 20 37 20 1093 34 246 20 40 304
leaf_count=49 36 25 514 225 98 22 38 54 22 116 20 39 20 28 39 63 23 20 30 28 27 20 37 20 1093 34 246 20 40 304
internal_value=0 -0.000444139 -0.00111821 0.0029646 0.0122057 -0.00172355 0.0137494 0.00484737 0.0062932 -0.00186788 0.00234906 0.00536473 0.00409518 0.00946596 0.00593087 0.00781726 0.00942494 -0.00215589 0.00315282 -0.0029416 -0.000534529 0.00594051 0.0045613 -0.000877301 -0.00233749 -0.00175494 -0.00193072 -0.00142809 0.00335457 -0.0017789
internal_weight=0 3248 2881 372 147 2509 102 367 293 2487 159 271 232 66 184 145 43 2328 77 48 57 120 100 74 2251 1158 1124 878 60 818
internal_count=3350 3248 2881 372 147 2509 102 367 293 2487 159 271 232 66 184 145 43 2328 77 48 57 120 100 74 2251 1158 1124 878 60 818
is_linear=0
shrinkage=0.05


Tree=14
num_leaves=31
num_cat=0
split_feature=44 0 1 5 46 21 26 23 51 38 16 29 26 1 5 49 22 50 48 47 47 49 30 52 27 27 26 22 47 5
split_gain=7.19216 4.19824 3.1646 8.73252 6.06567 2.9712 1.70862 1.27624 1.61893 1.18984 1.09746 1.00597 1.4393 0.95809 1.02899 1.24782 1.09134 0.849391 0.785859 0.703352 0.840304 0.666474 0.805171 0.62055 0.533136 0.593521 0.456556 0.409579 0.402836 0.782723
threshold=2.5000000000000004 40.000000000000007 1.5000000000000002 1.0000000180025095e-35 115.85863925000002 1.0000000180025095e-35 665.47500000000014 0.0034500000000000004 141.37760000000003 4.5000000000000009 347941.49830000004 27678.148250000002 47243.500000000007 9.5000000000000018 4.5000000000000009 320.42666250000008 2225.0000000000005 16.195084500000004 54.018300000000004 72.904070500000017 522.27081200000009 252.83125000000004 1157.6722500000003 1.0000000180025095e-35 3.5000000000000004 2.5000000000000004 1058.8937500000002 5340.4450000000006 494.50797150000005 1.5000000000000002
decision_type=2 2 2 2 2 2 2 2 2 2 2 2 2 2 2 2 2 2 2 2 2 2 2 2 2 2 2 2 2 2
left_child=1 2 3 4 -1 6 28 8 -2 -10 11 21 -13 14 19 17 -17 -16 23 27 -21 22 -8 -5 25 26 -23 -7 29 -4
right_child=7 -3 5 18 -6 13 10 -9 9 -11 -12 12 -14 -15 15 16 -18 -19 -20 20 -22 24 -24 -25 -26 -27 -28 -29 -30 -31
leaf_value=-0.0033747788518667223 0.020610391319944309 -0.0033615672202334142 -0.0024399332047163789 0.0087171893453959256 0.021761662342275181 0.0018804781325161457 0.0001706997001612628 0.024386674910783768 -0.00034990911098087534 0.014573146724565465 0.013573346585035324 0.018443216364830733 0.00074627731961232646 -0.000673281525572141 0.0092785080273946122 0.013733689186091608 0.001060227426339169 0.023676137737929821 -0.0025481367374167725 -0.0089498211184273601 0.0050635776296257973 0.0060265645554119888 0.013406987227499485 -0.0013081288029407633 -0.0043365996226038738 0.0073407624559155829 -0.0018578577484633472 0.0089919530763858703 -0.0031158338700022019 0.00042919469842435067
leaf_weight=32 26 884 546 33 96 40 27 20 34 22 20 20 27 72 21 26 49 20 170 23 20 22 20 29 71 29 111 41 378 421
leaf_count=32 26 884 546 33 96 40 27 20 34 22 20 20 27 72 21 26 49 20 170 23 20 22 20 29 71 29 111 41 378 421
internal_value=0 -0.000421932 0.000677322 0.00499354 0.0154776 -9.80467e-05 -0.000924777 0.0130619 0.0102998 0.00551272 0.00220339 0.00150798 0.00827689 0.00438538 0.00590297 0.00928792 0.00545369 0.0163017 -0.00079074 0.00273641 -0.00243196 0.000371766 0.00580316 0.00402793 -0.000723838 0.000859533 -0.000553668 0.00548011 -0.00173182 -0.00119081
internal_weight=0 3248 2364 360 128 2004 1692 102 82 56 347 327 47 312 240 116 75 41 232 124 43 280 47 62 233 162 133 81 1345 967
internal_count=3350 3248 2364 360 128 2004 1692 102 82 56 347 327 47 312 240 116 75 41 232 124 43 280 47 62 233 162 133 81 1345 967
is_linear=0
shrinkage=0.05


Tree=15
num_leaves=31
num_cat=0
split_feature=44 21 1 51 46 16 51 44 26 58 4 1 56 48 1 51 22 51 47 46 52 29 20 0 0 31 48 47 32 30
split_gain=6.98485 3.63706 2.52658 7.20432 4.58495 2.49323 2.09922 1.73096 1.07719 1.03633 1.21642 1.06956 1.03473 1.0268 1.65895 1.65383 1.07584 1.27306 1.05645 1.11495 0.893266 0.738553 0.661844 0.642821 0.604616 0.543404 0.466031 0.460436 0.426736 0.543354
threshold=2.5000000000000004 1.0000000180025095e-35 1.5000000000000002 0.74480000000000002 0.39840000000000003 86914.922670000014 141.37760000000003 53.000000000000007 2805.4925000000007 1.0000000180025095e-35 12458.946220000002 9.5000000000000018 1.0000000180025095e-35 2803.2226500000006 3.5000000000000004 0.20720000000000002 7565.0000000000009 46.194400000000009 11061.805890000001 72424.21408000002 1.0000000180025095e-35 152402.61150000003 110.52145000000003 11.500000000000002 1.5000000000000002 10.500000000000002 1178.0278500000002 24798.432255000003 4.5000000000000009 1.3125000000000002
decision_type=2 2 2 2 2 2 2 2 2 2 2 2 2 2 2 2 2 2 2 2 2 2 2 2 2 2 2 2 2 2
left_child=1 2 3 4 -1 9 -2 8 -8 10 21 22 13 14 20 -16 24 -18 -15 -20 -3 25 -11 -6 -17 28 -14 -5 29 -4
right_child=6 12 5 27 23 -7 7 -9 -10 11 -12 -13 26 18 15 16 17 -19 19 -21 -22 -23 -24 -25 -26 -27 -28 -29 -30 -31
leaf_value=-0.0013375653973165549 0.022611759283712934 0.018772045503824188 -0.0023312232547025771 -0.0037607598456725552 0.018385011384056675 0.014548767195083202 0.021475243568420413 -0.0040077477862889115 0.0069015705026686195 -0.0013118768457026609 0.0088350006594107699 0.010228447390325142 -0.005888763815164566 -0.0092349715903401377 -0.0031411323620348566 0.0092680044726214626 0.021119014114141466 0.0061607554780714439 0.012220101565122606 -0.0011163445633082163 0.0068074443019353423 0.0061791121683738848 0.0085559011623263358 0.0088506501168012629 -0.0014329591709556003 0.0044345690838752255 0.0038407001830637459 0.003310273587703705 -0.0044717691137849055 0.00011245410289915129
leaf_weight=53 35 39 1771 201 90 24 21 22 32 113 26 33 32 20 49 22 25 33 25 42 26 27 20 22 33 31 20 26 194 261
leaf_count=53 35 39 1771 201 90 24 21 22 32 113 26 33 32 20 49 22 25 33 25 42 26 27 20 22 33 31 20 26 194 261
internal_value=0 -0.000309752 -0.000904059 0.00282813 0.0107786 -0.00148927 0.0125006 0.00778213 0.012676 -0.00164472 -0.00191894 0.00217117 0.00438625 0.00546813 0.00723822 0.0045307 0.00785742 0.0126083 0.000849617 0.00385994 0.0139862 -0.00204136 0.000172 0.0165122 0.00284743 -0.0021397 -0.00214666 -0.00295086 -0.00223125 -0.00201735
internal_weight=0 3258 2892 392 165 2500 110 75 53 2476 2310 166 366 314 227 162 113 58 87 67 65 2284 133 112 55 2257 52 227 2226 2032
internal_count=3368 3258 2892 392 165 2500 110 75 53 2476 2310 166 366 314 227 162 113 58 87 67 65 2284 133 112 55 2257 52 227 2226 2032
is_linear=0
shrinkage=0.05


Tree=16
num_leaves=31
num_cat=0
split_feature=44 21 1 51 46 16 51 44 26 58 4 1 1 19 49 1 50 50 49 26 29 22 52 20 25 31 47 32 30 50
split_gain=6.30383 3.28244 2.28024 6.5019 4.13792 2.25014 1.89454 1.56219 0.972162 0.935292 1.09782 0.965281 0.689543 0.790955 0.7642 1.33389 1.17867 0.888223 0.925947 0.817136 0.666544 0.649694 0.638741 0.597314 0.511672 0.490422 0.415544 0.385129 0.490377 0.857834
threshold=2.5000000000000004 1.0000000180025095e-35 1.5000000000000002 0.74480000000000002 0.39840000000000003 86914.922670000014 141.37760000000003 53.000000000000007 2805.4925000000007 1.0000000180025095e-35 12458.946220000002 9.5000000000000018 9.5000000000000018 1.0000000180025095e-35 961.79833150000013 1.5000000000000002 326.46363150000008 83.751675500000019 4.0160440000000017 20864.294250000003 152402.61150000003 4895.0000000000009 1.0000000180025095e-35 110.52145000000003 28.875710000000002 10.500000000000002 24798.432255000003 4.5000000000000009 1.3125000000000002 94.244455000000016
decision_type=2 2 2 2 2 2 2 2 2 2 2 2 2 2 2 2 2 2 2 2 2 2 2 2 2 2 2 2 2 2
left_child=1 2 3 4 -1 9 -2 8 -8 10 20 23 13 14 15 -3 17 18 22 -16 25 -14 -17 -11 -23 27 -5 28 -4 -30
right_child=6 12 5 26 -6 -7 7 -9 -10 11 -12 -13 21 -15 19 16 -18 -19 -20 -21 -22 24 -24 -25 -26 -27 -28 -29 29 -31
leaf_value=-0.0012706872216373122 0.021481171058756965 0.016571215726435187 -0.0022146621063763917 -0.0035727218460680833 0.015686581589813745 0.01382132888150712 0.020401481450313615 -0.0038073602725159036 0.0065564920892938975 -0.0012462829313842597 0.0083932507496613726 0.009717024896632542 -0.0048129396966180293 0.014880244992673397 -0.002199551468858352 0.0055531988420137552 0.015894673783332109 -0.0068354618921875956 0.011740694311447442 0.0074613273143768312 0.0058701565696133509 -0.0012753731571137905 -0.0040476367622613906 0.0081281061284244061 0.010034713037312031 0.0042128405503688319 0.0031447600859862107 -0.0042481806839710663 0.0087246768678037028 -0.00084663228944261034
leaf_weight=53 35 28 1771 201 112 24 21 22 32 113 26 33 37 20 65 41 20 20 32 33 27 20 30 20 20 31 26 194 26 235
leaf_count=53 35 28 1771 201 112 24 21 22 32 113 26 33 37 20 65 41 20 20 32 33 27 20 30 20 20 31 26 194 26 235
internal_value=0 -0.000294264 -0.000858856 0.00268673 0.0102397 -0.0014148 0.0118756 0.00739303 0.0120422 -0.00156249 -0.00182299 0.00206261 0.00416694 0.00528716 0.00457392 0.00659142 0.00463733 0.00280687 0.00467917 0.0010536 -0.00193929 -3.75581e-05 0.00149651 0.0001634 0.00437967 -0.00203271 -0.00280332 -0.00211969 -0.00191648 0.000106831
internal_weight=0 3258 2892 392 165 2500 110 75 53 2476 2310 166 366 289 269 171 143 123 103 98 2284 77 71 133 40 2257 227 2226 2032 261
internal_count=3368 3258 2892 392 165 2500 110 75 53 2476 2310 166 366 289 269 171 143 123 103 98 2284 77 71 133 40 2257 227 2226 2032 261
is_linear=0
shrinkage=0.05


Tree=17
num_leaves=31
num_cat=0
split_feature=21 1 5 46 30 5 16 41 52 1 50 25 22 22 22 49 5 51 28 47 20 4 29 49 28 27 26 58 49 47
split_gain=5.05796 2.53129 5.9417 4.02487 1.83718 1.76149 1.09154 1.053 0.884305 1.20348 1.59004 1.16838 0.956619 0.918707 0.90265 0.67942 0.773329 0.764847 0.641805 0.599694 0.557222 0.664791 0.94753 0.550488 0.68654 0.51834 1.01268 0.451169 0.441916 0.579456
threshold=1.0000000180025095e-35 1.5000000000000002 1.0000000180025095e-35 115.85863925000002 106529.30400000002 3.5000000000000004 187365.11275000003 9.0000000000000018 1.0000000180025095e-35 3.5000000000000004 13.088152000000003 0.073650000000000007 12905.000000000002 20025.000000000004 8900.4450000000015 66.137500000000003 2.5000000000000004 57080.301600000006 2.5000000000000004 1277.0629390000001 730.70765000000017 7924.2723000000015 5945.7702500000005 699295.22435000015 24.500000000000004 4.5000000000000009 720.36125000000015 1.0000000180025095e-35 125.66875 2.6481185000000003
decision_type=2 2 2 2 2 2 2 2 2 2 2 2 2 2 2 2 2 2 2 2 2 2 2 2 2 2 2 2 2 2
left_child=1 2 3 -1 7 27 20 8 9 10 -2 14 25 -14 -11 16 -4 -17 -12 -13 21 23 -23 24 -7 26 28 -3 29 -10
right_child=4 5 15 -5 -6 6 -8 -9 12 11 18 19 13 -15 -16 17 -18 -19 -20 -21 -22 22 -24 -25 -26 -27 -28 -29 -30 -31
leaf_value=-0.0030756855328731678 0.023464495018124584 -0.0021158337686361327 -0.0014257967355661095 0.016889817039577329 0.019296881725842305 4.4899386814748402e-05 0.012144223871556196 0.014182109127824123 -0.0037658985847463973 0.0042427657917141915 0.00044237715615467598 0.015056746557354929 0.013571896876853246 0.00051951899326273374 -0.0062265950547797343 -0.0035061584351285136 0.010310865610837938 0.0054786372239942907 0.012818080410361291 0.003595444808403651 0.0082362640804300707 0.012823533266782761 0.0002899562057695891 0.0073287369440431186 -0.0066071189766706423 -0.0079401416623074081 0.010457049217075111 0.0011657580414468104 -0.0062403704764114488 0.0075543876737356186
leaf_weight=34 20 1857 32 98 22 396 22 26 26 50 22 25 26 28 35 193 25 27 20 21 24 25 38 23 43 23 20 111 36 20
leaf_count=34 20 1857 32 98 22 396 22 26 26 50 22 25 26 28 35 193 25 27 20 21 24 25 38 23 43 23 20 111 36 20
internal_value=0 -0.000633314 0.00301714 0.0117472 0.00523151 -0.00122135 0.00122362 0.00445403 0.00377411 0.00612184 0.011861 0.00340558 0.00124276 0.006804 -6.81475e-05 -0.00114303 0.00372186 -0.00240348 0.00633557 0.00982441 0.000785996 0.000445413 0.0052636 -0.000211613 -0.000606665 -0.00115969 0.000369236 -0.00193074 -0.00209121 0.00115597
internal_weight=0 2948 409 132 420 2539 571 398 372 193 62 131 179 54 85 277 57 220 42 46 549 525 63 462 439 125 102 1968 82 46
internal_count=3368 2948 409 132 420 2539 571 398 372 193 62 131 179 54 85 277 57 220 42 46 549 525 63 462 439 125 102 1968 82 46
is_linear=0
shrinkage=0.05


Tree=18
num_leaves=31
num_cat=0
split_feature=44 21 51 1 5 46 44 16 5 48 25 32 5 48 25 50 3 22 5 49 31 0 50 48 7 56 49 51 52 58
split_gain=5.44087 2.98462 2.14076 1.7972 6.1533 3.63244 1.62191 1.6056 0.931217 0.883579 1.17795 0.768878 0.74916 0.903085 1.06585 1.045 2.00279 0.9153 0.898711 0.881341 0.702219 0.618728 0.727234 1.44702 0.75084 0.542443 0.4756 0.410398 0.471861 0.401409
threshold=4.5000000000000009 1.0000000180025095e-35 141.37760000000003 1.5000000000000002 1.0000000180025095e-35 115.85863925000002 53.000000000000007 86914.922670000014 4.5000000000000009 6730.4287500000009 471.85100000000006 10.500000000000002 4.5000000000000009 174.2784 1.0000000180025095e-35 12230.055545000001 1.0000000180025095e-35 5340.4450000000006 1.5000000000000002 83355.493750000009 1.5000000000000002 6.5000000000000009 83.751675500000019 478.52175000000005 1.0000000180025095e-35 1.0000000180025095e-35 699295.22435000015 50.86480000000001 1.0000000180025095e-35 1.0000000180025095e-35
decision_type=2 2 2 2 2 2 2 2 2 2 2 2 2 2 2 2 2 2 2 2 2 2 2 2 2 2 2 2 2 2
left_child=1 3 -2 4 5 -1 -4 8 25 10 -10 -12 18 14 17 20 19 -14 -3 -17 -15 22 24 -24 -20 29 -11 -27 -29 -5
right_child=2 12 6 7 -6 -7 -8 -9 9 26 11 -13 13 15 -16 16 -18 -19 21 -21 -22 -23 23 -25 -26 27 -28 28 -30 -31
leaf_value=-0.0029219012652688166 0.02316617141167323 0.0096940115736476318 0.013154150032111117 -0.002046827694700088 -0.0020870404425023617 0.016045326313802174 -0.0039892397651618179 0.011086512772509686 -0.00071247370561232446 -0.0016685232494052474 0.017690928053596747 0.0042863208986818795 0.013534574583172799 0.0028479074629453515 0.017258013365790248 0.019614923486243125 -0.0063061445392668253 -0.00057792277247817434 0.0013623427185747361 0.00640549295182739 -0.0096139702387154115 -0.0057435441017150883 -0.0087891309029039227 0.0070569993853569039 0.013086865639144725 -0.0028911637685572109 0.0058064177036285403 0.0095461182779184098 -0.00019965696593989498 0.00075931034105665548
leaf_weight=34 30 29 37 2025 261 98 22 26 37 143 23 20 20 26 32 23 20 27 36 28 20 35 34 25 22 24 25 27 23 136
leaf_count=34 30 29 37 2025 261 98 22 26 37 143 23 20 20 26 32 23 20 27 36 28 20 35 34 25 22 24 25 27 23 136
internal_value=0 -0.000237942 0.0122913 -0.00078165 0.00236229 0.0111598 0.0067617 -0.0012741 -0.00140353 0.0015033 0.0058282 0.0114562 0.00394731 0.00608921 0.0102195 0.00330034 0.00710386 0.0054274 0.00162791 0.0123627 -0.0025703 8.8986e-05 0.00183376 -0.00207467 0.00580958 -0.00172608 -0.000556181 0.00248331 0.00506306 -0.00187023
internal_weight=0 3279 89 2902 393 132 59 2509 2483 248 80 43 377 196 79 117 71 47 181 51 46 152 117 59 58 2235 168 74 50 2161
internal_count=3368 3279 89 2902 393 132 59 2509 2483 248 80 43 377 196 79 117 71 47 181 51 46 152 117 59 58 2235 168 74 50 2161
is_linear=0
shrinkage=0.05


Tree=19
num_leaves=31
num_cat=0
split_feature=44 0 1 5 46 5 51 44 24 29 46 5 25 49 52 32 49 46 1 47 25 5 25 46 5 49 47 30 1 50
split_gain=4.91039 2.69508 2.28263 6.24316 3.85098 2.11664 1.93203 1.46377 1.01413 0.958796 0.758615 0.757089 0.756516 1.47684 1.00534 0.901503 1.30218 0.896164 0.738801 0.593408 0.592407 0.570979 0.546498 0.541887 0.516618 0.616267 0.508702 0.467155 0.550126 0.392954
threshold=4.5000000000000009 40.000000000000007 1.5000000000000002 1.0000000180025095e-35 115.85863925000002 3.5000000000000004 141.37760000000003 53.000000000000007 0.68030000000000002 224380.96200000003 48.057600000000001 3.5000000000000004 1.0000000180025095e-35 268.71062500000005 1.0000000180025095e-35 9.5000000000000018 15246.106250000003 4520.3369615000011 7.5000000000000009 24798.432255000003 2587.7418500000008 5.5000000000000009 11783.553190000001 1784.2377600000002 5.5000000000000009 211205.94190000003 1712.7306225000004 84.614250000000013 9.5000000000000018 116.06160750000002
decision_type=2 2 2 2 2 2 2 2 2 2 2 2 2 2 2 2 2 2 2 2 2 2 2 2 2 2 2 2 2 2
left_child=1 2 3 4 -1 22 -2 -8 9 12 11 -5 18 14 -14 16 17 26 -7 -12 -17 23 29 -22 -18 -26 -15 28 -20 -4
right_child=6 -3 5 10 -6 8 7 -9 -10 -11 19 -13 13 15 -16 20 24 -19 27 -21 21 -23 -24 -25 25 -27 -28 -29 -30 -31
leaf_value=-0.0027757478877902032 0.022007862875858944 -0.0026396622040379819 -0.00068053821812469762 0.00040018368512392041 0.017258923669468681 -0.0023027904785026319 0.012496442559200365 -0.0037897779182954269 0.013269699178636074 0.010587643260757128 -0.0033124669676180929 0.012314640097320081 0.017757398807085479 0.0091013986235245672 0.0034066595137119296 0.004326015499730905 -0.0030900304072669577 0.017795277778059244 0.010495748477322715 0.0041462213383056225 -0.0057358167388222442 -0.0080350293023955261 0.0056931437325796917 0.0050236753076314932 0.0090493201943380504 -0.00084108827221724726 -0.00027425412250601725 -0.0034795390885500686 0.0016066205080436623 -0.0024654095951549548
leaf_weight=31 30 855 802 40 106 189 37 22 20 30 160 20 26 39 23 30 56 20 28 32 22 42 28 25 28 36 23 21 46 501
leaf_count=31 30 855 802 40 106 189 37 22 20 30 160 20 26 39 23 30 56 20 28 32 22 42 28 25 28 36 23 21 46 501
internal_value=0 -0.000226045 0.000625293 0.00413466 0.0127255 -4.55389e-05 0.0116767 0.00642361 0.00217171 0.0018472 -0.000535776 0.00437167 0.00144627 0.00293614 0.0110213 0.00170195 0.0037357 0.0085921 -0.000494761 -0.00206935 -0.00175031 -0.00379851 -0.0012183 -1.26827e-05 0.000417167 0.00348597 0.00562333 0.00310227 0.00497007 -0.00136682
internal_weight=0 3279 2424 389 137 2035 89 59 704 684 252 60 654 370 49 321 202 82 284 192 119 89 1331 47 120 64 62 95 74 1303
internal_count=3368 3279 2424 389 137 2035 89 59 704 684 252 60 654 370 49 321 202 82 284 192 119 89 1331 47 120 64 62 95 74 1303
is_linear=0
shrinkage=0.05


end of trees

feature_importances:
a3=49
a49=48
a8=44
a2=40
a28=36
a54=34
a51=33
a50=29
a52=28
a33=23
a29=22
a47=21
a24=18
a1_女=18
a25=17
a30=17
a53=17
a32=15
a31=13
a19=12
a4_C=12
a35=10
a7=8
a4_E=7
a10=6
a27=6
a23=4
a34=4
a26=3
a1_男=2
a6=1
a22=1
a41=1
a44=1

parameters:
[boosting: gbdt]
[objective: regression]
[metric: auc,l2]
[tree_learner: serial]
[device_type: cpu]
[data: ]
[valid: ]
[num_iterations: 20]
[learning_rate: 0.05]
[num_leaves: 31]
[num_threads: 0]
[deterministic: 0]
[force_col_wise: 0]
[force_row_wise: 0]
[histogram_pool_size: -1]
[max_depth: -1]
[min_data_in_leaf: 20]
[min_sum_hessian_in_leaf: 0.001]
[bagging_fraction: 0.8]
[pos_bagging_fraction: 1]
[neg_bagging_fraction: 1]
[bagging_freq: 5]
[bagging_seed: 3]
[feature_fraction: 0.9]
[feature_fraction_bynode: 1]
[feature_fraction_seed: 2]
[extra_trees: 0]
[extra_seed: 6]
[early_stopping_round: 5]
[first_metric_only: 0]
[max_delta_step: 0]
[lambda_l1: 0]
[lambda_l2: 0]
[linear_lambda: 0]
[min_gain_to_split: 0]
[drop_rate: 0.1]
[max_drop: 50]
[skip_drop: 0.5]
[xgboost_dart_mode: 0]
[uniform_drop: 0]
[drop_seed: 4]
[top_rate: 0.2]
[other_rate: 0.1]
[min_data_per_group: 100]
[max_cat_threshold: 32]
[cat_l2: 10]
[cat_smooth: 10]
[max_cat_to_onehot: 4]
[top_k: 20]
[monotone_constraints: ]
[monotone_constraints_method: basic]
[monotone_penalty: 0]
[feature_contri: ]
[forcedsplits_filename: ]
[refit_decay_rate: 0.9]
[cegb_tradeoff: 1]
[cegb_penalty_split: 0]
[cegb_penalty_feature_lazy: ]
[cegb_penalty_feature_coupled: ]
[path_smooth: 0]
[interaction_constraints: ]
[verbosity: 0]
[saved_feature_importance_type: 0]
[linear_tree: 0]
[max_bin: 255]
[max_bin_by_feature: ]
[min_data_in_bin: 3]
[bin_construct_sample_cnt: 200000]
[data_random_seed: 1]
[is_enable_sparse: 1]
[enable_bundle: 1]
[use_missing: 1]
[zero_as_missing: 0]
[feature_pre_filter: 1]
[pre_partition: 0]
[two_round: 0]
[header: 0]
[label_column: ]
[weight_column: ]
[group_column: ]
[ignore_column: ]
[categorical_feature: ]
[forcedbins_filename: ]
[precise_float_parser: 0]
[objective_seed: 5]
[num_class: 1]
[is_unbalance: 0]
[scale_pos_weight: 1]
[sigmoid: 1]
[boost_from_average: 1]
[reg_sqrt: 0]
[alpha: 0.9]
[fair_c: 1]
[poisson_max_delta_step: 0.7]
[tweedie_variance_power: 1.5]
[lambdarank_truncation_level: 30]
[lambdarank_norm: 1]
[label_gain: ]
[eval_at: ]
[multi_error_top_k: 1]
[auc_mu_weights: ]
[num_machines: 1]
[local_listen_port: 12400]
[time_out: 120]
[machine_list_filename: ]
[machines: ]
[gpu_platform_id: -1]
[gpu_device_id: -1]
[gpu_use_dp: 0]
[num_gpu: 1]

end of parameters

pandas_categorical:[]
